126 3
0: 0 88 0
1: 1 57 1
2: 30 2 2
3: 38 3 3
4: 4 4 78
5: 5 5 59
6: 6 11 6
7: 69 7 7
8: 8 8 4
9: 9 9 53
10: 10 10 9
11: 11 67 11
12: 12 66 12
13: 13 13 17
14: 14 14 40
15: 15 15 54
16: 16 16 48
17: 17 17 24
18: 18 26 18
19: 19 19 107
20: 72 20 20
21: 21 97 32
22: 22 0 22
23: 82 23 23
24: 24 24 14
25: 119 25 25
26: 26 89 26
27: 27 1 27
28: 51 28 28
29: 29 29 5
30: 109 30 30
31: 31 41 31
32: 32 32 19
33: 96 33 33
34: 37 34 37
35: 35 44 35
36: 36 36 79
37: 37 37 71
38: 33 38 38
39: 39 116 39
40: 40 40 10
41: 41 118 41
42: 117 42 42
43: 43 43 98
44: 44 102 44
45: 45 45 34
46: 120 46 46
47: 124 47 47
48: 48 48 29
49: 49 77 77
50: 23 23 50
51: 115 51 51
52: 52 52 114
53: 21 53 21
54: 54 54 122
55: 55 55 16
56: 56 95 56
57: 57 123 57
58: 58 6 58
59: 59 59 52
60: 60 74 60
61: 61 61 68
62: 62 125 62
63: 2 63 63
64: 64 85 64
65: 100 65 65
66: 66 22 66
67: 67 12 67
68: 68 68 110
69: 76 69 69
70: 105 70 70
71: 71 71 80
72: 83 72 72
73: 47 73 73
74: 74 39 74
75: 75 75 13
76: 65 76 76
77: 77 37 77
78: 78 78 43
79: 79 79 61
80: 80 80 55
81: 81 56 81
82: 82 21 82
83: 84 83 83
84: 104 84 84
85: 85 111 85
86: 86 27 86
87: 106 87 87
88: 88 86 88
89: 89 62 89
90: 90 90 75
91: 25 91 91
92: 92 60 92
93: 7 93 93
94: 70 94 94
95: 95 35 95
96: 50 96 96
97: 97 97 36
98: 98 98 15
99: 121 99 99
100: 87 100 100
101: 101 103 101
102: 102 82 82
103: 103 49 103
104: 77 104 104
105: 20 105 105
106: 108 106 106
107: 107 107 90
108: 63 108 108
109: 3 109 109
110: 110 110 8
111: 111 31 111
112: 112 112 45
113: 113 101 113
114: 114 114 112
115: 91 115 115
116: 116 18 116
117: 93 117 117
118: 118 113 118
119: 46 119 119
120: 94 120 120
121: 73 121 121
122: 97 122 97
123: 123 81 123
124: 28 124 124
125: 125 64 125
