126 3
0: 77 0 0
1: 1 1 108
2: 2 90 2
3: 3 3 10
4: 24 4 4
5: 5 97 5
6: 6 53 6
7: 7 115 7
8: 8 8 61
9: 42 9 9
10: 10 10 88
11: 48 11 11
12: 12 12 8
13: 29 13 13
14: 14 20 14
15: 15 83 15
16: 16 16 72
17: 121 17 17
18: 80 18 18
19: 19 32 19
20: 20 27 20
21: 9 21 21
22: 22 95 22
23: 23 2 23
24: 75 24 24
25: 25 67 25
26: 26 26 93
27: 27 6 27
28: 86 28 28
29: 50 29 29
30: 30 30 65
31: 31 31 12
32: 32 76 32
33: 71 33 33
34: 34 34 85
35: 35 19 35
36: 13 36 36
37: 92 37 37
38: 38 38 30
39: 39 39 119
40: 40 103 40
41: 41 41 110
42: 94 42 42
43: 43 43 82
44: 120 44 44
45: 45 63 45
46: 46 46 31
47: 47 47 96
48: 36 48 48
49: 49 118 49
50: 69 50 50
51: 73 51 73
52: 52 112 112
53: 53 7 53
54: 54 54 26
55: 55 55 43
56: 79 56 56
57: 18 57 57
58: 112 58 58
59: 107 59 59
60: 99 60 60
61: 61 61 51
62: 62 22 62
63: 63 15 63
64: 70 64 64
65: 65 65 16
66: 37 66 66
67: 67 77 77
68: 68 111 68
69: 58 69 69
70: 101 70 70
71: 66 71 71
72: 122 72 122
73: 73 73 78
74: 74 52 74
75: 56 75 75
76: 76 102 76
77: 77 116 77
78: 78 78 1
79: 11 79 79
80: 28 80 80
81: 81 62 81
82: 116 82 116
83: 83 74 83
84: 84 84 54
85: 85 85 87
86: 44 86 86
87: 87 87 100
88: 88 88 84
89: 89 68 89
90: 90 109 90
91: 91 25 91
92: 17 92 92
93: 93 93 47
94: 0 0 94
95: 95 40 95
96: 96 96 117
97: 97 81 97
98: 98 98 39
99: 59 99 99
100: 100 100 46
101: 4 101 101
102: 102 89 102
103: 103 114 103
104: 104 104 38
105: 105 105 104
106: 123 106 106
107: 64 107 107
108: 108 108 34
109: 109 124 109
110: 110 110 125
111: 111 91 111
112: 112 122 112
113: 60 113 113
114: 114 35 114
115: 115 23 115
116: 116 73 3
117: 117 117 55
118: 118 45 118
119: 119 119 105
120: 33 120 120
121: 106 121 121
122: 122 122 41
123: 21 123 123
124: 124 49 124
125: 125 125 98
