1386 3
0: 1008 0 0
1: 1 471 1
2: 2 2 950
3: 180 3 3
4: 673 4 4
5: 997 5 5
6: 6 6 683
7: 7 7 1225
8: 8 8 1348
9: 9 9 257
10: 720 10 10
11: 1194 11 11
12: 884 12 12
13: 13 13 373
14: 214 14 14
15: 15 78 15
16: 1302 16 16
17: 17 17 87
18: 130 18 18
19: 19 937 19
20: 1176 20 20
21: 21 981 21
22: 22 524 22
23: 1338 23 23
24: 24 1005 24
25: 1134 25 25
26: 26 749 26
27: 27 1056 27
28: 28 545 28
29: 29 29 1122
30: 30 292 30
31: 1385 31 31
32: 846 32 32
33: 92 33 33
34: 338 34 34
35: 1364 35 35
36: 36 36 492
37: 37 37 111
38: 878 38 38
39: 39 197 39
40: 40 40 553
41: 41 387 41
42: 158 42 42
43: 43 66 43
44: 44 1208 44
45: 45 315 45
46: 23 46 46
47: 47 47 753
48: 1336 48 48
49: 49 74 49
50: 50 442 50
51: 51 51 697
52: 52 780 52
53: 53 53 730
54: 1135 54 54
55: 705 55 55
56: 56 1378 56
57: 57 57 628
58: 58 595 58
59: 59 59 274
60: 60 1265 60
61: 25 61 61
62: 376 62 62
63: 921 63 63
64: 885 64 64
65: 65 184 65
66: 66 307 66
67: 940 67 67
68: 68 68 825
69: 69 69 160
70: 70 70 627
71: 71 71 643
72: 72 1362 72
73: 73 1353 73
74: 74 399 74
75: 75 285 75
76: 76 76 907
77: 77 77 1060
78: 78 1066 78
79: 79 271 79
80: 1045 80 80
81: 81 81 688
82: 82 82 873
83: 83 132 83
84: 851 84 84
85: 85 126 85
86: 588 86 86
87: 87 87 159
88: 226 88 88
89: 89 89 637
90: 90 90 1203
91: 91 773 91
92: 412 92 92
93: 93 93 591
94: 94 94 870
95: 95 511 95
96: 96 96 9
97: 97 97 827
98: 63 98 98
99: 1221 99 99
100: 1332 100 100
101: 101 1092 101
102: 102 745 102
103: 1075 103 103
104: 104 22 104
105: 105 677 105
106: 106 797 106
107: 107 597 107
108: 86 108 108
109: 109 109 51
110: 1242 110 110
111: 111 111 679
112: 945 112 112
113: 452 113 113
114: 114 1170 114
115: 115 115 400
116: 116 116 1078
117: 117 519 117
118: 537 118 118
119: 119 721 119
120: 120 83 120
121: 121 121 413
122: 122 1344 122
123: 559 123 123
124: 124 124 97
125: 125 125 1236
126: 126 1142 126
127: 127 127 250
128: 1188 128 128
129: 129 21 129
130: 10 130 130
131: 131 131 152
132: 132 1252 132
133: 133 176 133
134: 134 1104 134
135: 135 428 135
136: 136 136 562
137: 137 629 137
138: 98 138 138
139: 219 139 139
140: 140 140 607
141: 1190 141 141
142: 142 1226 142
143: 1314 143 143
144: 144 144 69
145: 145 334 145
146: 146 146 1120
147: 1158 147 147
148: 148 148 1161
149: 678 149 149
150: 1147 1147 150
151: 811 151 151
152: 152 152 1290
153: 1180 153 153
154: 154 834 154
155: 155 490 155
156: 429 156 156
157: 157 1275 157
158: 656 158 158
159: 159 159 1083
160: 160 160 81
161: 161 729 161
162: 1048 162 162
163: 163 163 569
164: 164 1015 164
165: 470 165 165
166: 166 1294 166
167: 143 167 167
168: 1201 168 168
169: 522 169 169
170: 170 170 284
171: 165 171 171
172: 172 676 172
173: 173 173 979
174: 174 60 174
175: 175 73 175
176: 176 869 176
177: 177 972 177
178: 178 896 178
179: 209 179 179
180: 856 180 180
181: 755 181 181
182: 728 182 182
183: 477 183 183
184: 184 499 184
185: 185 899 185
186: 186 1215 186
187: 187 917 187
188: 803 188 188
189: 189 189 1113
190: 190 802 190
191: 32 191 191
192: 192 863 192
193: 193 933 193
194: 1093 194 194
195: 195 1273 195
196: 196 196 892
197: 197 786 197
198: 198 771 198
199: 199 199 938
200: 1173 200 200
201: 932 201 201
202: 993 202 202
203: 206 203 203
204: 204 212 204
205: 205 699 205
206: 108 206 206
207: 207 1355 207
208: 208 208 1054
209: 1309 209 209
210: 210 210 448
211: 211 211 115
212: 212 1096 212
213: 213 213 924
214: 54 214 214
215: 215 871 215
216: 216 592 216
217: 217 948 217
218: 1249 218 218
219: 680 219 219
220: 220 220 140
221: 221 221 403
222: 1061 222 222
223: 1289 223 223
224: 224 224 1204
225: 225 225 404
226: 282 226 226
227: 18 227 227
228: 228 228 211
229: 611 229 229
230: 230 874 230
231: 324 231 231
232: 188 232 232
233: 233 233 1270
234: 234 234 17
235: 235 235 911
236: 740 236 236
237: 1131 237 237
238: 523 238 238
239: 239 164 239
240: 240 240 767
241: 241 241 817
242: 242 1253 242
243: 278 243 243
244: 113 244 244
245: 330 245 245
246: 1307 246 246
247: 247 467 247
248: 248 248 77
249: 249 249 251
250: 250 250 510
251: 251 251 1193
252: 252 252 371
253: 1319 253 253
254: 254 254 148
255: 472 255 255
256: 256 1279 256
257: 257 257 815
258: 258 198 258
259: 1243 259 259
260: 260 268 260
261: 261 261 450
262: 262 262 1168
263: 263 473 263
264: 264 636 264
265: 265 1084 265
266: 266 266 1107
267: 267 529 267
268: 268 346 268
269: 976 269 269
270: 270 439 270
271: 271 841 271
272: 272 355 272
273: 273 273 331
274: 274 274 1064
275: 275 275 1163
276: 276 1 276
277: 1195 277 277
278: 1342 278 278
279: 279 279 723
280: 280 280 737
281: 281 922 281
282: 238 282 282
283: 283 283 621
284: 284 284 816
285: 285 1085 285
286: 286 742 286
287: 1127 287 287
288: 288 288 991
289: 289 289 1057
290: 290 290 576
291: 291 291 305
292: 292 616 292
293: 293 293 235
294: 710 294 294
295: 1200 295 295
296: 296 955 296
297: 583 297 297
298: 298 298 1144
299: 859 299 299
300: 350 300 300
301: 959 301 301
302: 302 79 302
303: 303 303 1293
304: 304 304 872
305: 305 305 59
306: 306 1369 306
307: 307 590 307
308: 308 681 308
309: 309 309 969
310: 574 310 310
311: 652 311 311
312: 312 468 312
313: 313 286 313
314: 99 314 314
315: 315 142 315
316: 316 316 707
317: 317 317 962
318: 318 318 1007
319: 319 319 1141
320: 320 302 320
321: 321 1105 321
322: 141 322 322
323: 323 323 654
324: 515 324 324
325: 558 325 325
326: 326 43 326
327: 327 327 882
328: 231 328 328
329: 329 329 532
330: 812 330 330
331: 331 331 333
332: 332 814 332
333: 333 333 1033
334: 334 714 334
335: 335 852 335
336: 336 336 690
337: 337 337 1267
338: 1382 338 338
339: 1230 339 339
340: 340 340 491
341: 1047 341 341
342: 342 438 342
343: 343 260 343
344: 4 344 344
345: 345 345 741
346: 346 895 346
347: 756 347 347
348: 348 52 348
349: 349 923 349
350: 244 350 350
351: 1125 351 351
352: 352 265 352
353: 353 353 414
354: 354 354 1305
355: 355 887 355
356: 356 356 1278
357: 357 943 357
358: 358 27 358
359: 359 359 275
360: 957 360 360
361: 361 361 1028
362: 778 362 362
363: 694 363 363
364: 364 897 364
365: 365 365 254
366: 792 366 366
367: 367 1160 367
368: 368 187 368
369: 1247 369 369
370: 370 370 915
371: 371 371 1297
372: 372 372 703
373: 373 373 317
374: 669 374 374
375: 375 375 540
376: 1027 376 376
377: 377 377 233
378: 378 378 298
379: 379 902 379
380: 380 380 606
381: 381 381 845
382: 382 382 208
383: 383 383 68
384: 384 384 234
385: 35 385 385
386: 386 386 459
387: 387 849 387
388: 951 388 388
389: 389 389 1321
390: 390 390 586
391: 578 391 391
392: 1274 392 392
393: 393 145 393
394: 556 394 394
395: 395 395 1077
396: 396 860 396
397: 314 397 397
398: 398 668 398
399: 399 1255 399
400: 400 400 717
401: 401 401 610
402: 1227 402 402
403: 403 403 1068
404: 404 404 383
405: 405 405 675
406: 1328 406 406
407: 722 407 407
408: 168 408 408
409: 904 409 409
410: 410 106 410
411: 191 411 411
412: 67 412 412
413: 413 413 880
414: 414 414 712
415: 415 445 415
416: 416 752 416
417: 867 417 417
418: 988 418 418
419: 419 446 419
420: 420 420 1258
421: 421 1299 421
422: 422 422 359
423: 423 321 423
424: 424 424 1244
425: 425 761 425
426: 1286 426 426
427: 437 427 427
428: 428 1312 428
429: 55 429 429
430: 430 430 835
431: 431 431 336
432: 432 432 89
433: 433 433 327
434: 434 807 434
435: 1350 435 435
436: 436 436 557
437: 604 437 437
438: 438 101 438
439: 439 1343 439
440: 440 440 944
441: 441 1259 441
442: 442 1206 442
443: 549 443 443
444: 444 444 47
445: 445 854 445
446: 446 215 446
447: 447 447 196
448: 548 448 548
449: 449 449 929
450: 450 450 1112
451: 33 451 451
452: 14 452 452
453: 454 453 453
454: 181 454 454
455: 455 1132 455
456: 456 456 1268
457: 1337 457 457
458: 458 458 1090
459: 459 459 170
460: 460 460 382
461: 461 770 461
462: 462 824 462
463: 463 1233 463
464: 464 464 433
465: 465 1326 465
466: 1340 466 466
467: 467 1025 467
468: 468 974 468
469: 469 485 469
470: 201 470 470
471: 471 733 471
472: 1116 472 472
473: 473 575 473
474: 1257 474 474
475: 475 475 1320
476: 484 476 476
477: 269 477 477
478: 478 793 478
479: 479 421 479
480: 476 480 480
481: 167 481 481
482: 482 482 577
483: 939 483 483
484: 861 484 484
485: 485 947 485
486: 486 486 500
487: 1197 487 487
488: 520 488 488
489: 489 489 340
490: 490 550 490
491: 491 491 378
492: 492 492 144
493: 493 512 493
494: 494 494 649
495: 245 495 495
496: 496 954 496
497: 497 497 70
498: 498 498 225
499: 499 725 499
500: 500 500 220
501: 501 501 1119
502: 502 800 502
503: 503 666 503
504: 504 504 1313
505: 505 505 303
506: 506 971 506
507: 1303 507 507
508: 744 508 508
509: 509 509 210
510: 510 510 660
511: 511 626 511
512: 512 746 512
513: 513 1081 513
514: 514 828 514
515: 1094 515 515
516: 516 516 136
517: 517 1082 517
518: 518 584 518
519: 519 593 519
520: 1318 520 520
521: 521 876 521
522: 912 522 522
523: 531 523 523
524: 524 518 524
525: 525 239 525
526: 526 1381 526
527: 527 527 501
528: 528 528 918
529: 529 1219 529
530: 530 530 831
531: 1152 531 531
532: 532 532 996
533: 1374 533 533
534: 534 608 534
535: 554 535 535
536: 536 1311 536
537: 417 537 537
538: 538 538 1143
539: 539 91 539
540: 540 540 587
541: 541 541 337
542: 542 821 542
543: 572 543 543
544: 544 502 544
545: 545 242 545
546: 546 1035 546
547: 547 547 642
548: 548 973 293
549: 80 549 549
550: 550 204 550
551: 543 551 551
552: 653 552 552
553: 553 553 1153
554: 426 554 554
555: 243 555 555
556: 153 556 556
557: 557 557 1335
558: 1177 558 558
559: 200 559 559
560: 560 1133 560
561: 561 135 561
562: 562 562 547
563: 1325 563 563
564: 564 564 785
565: 565 1043 565
566: 1031 566 566
567: 567 270 567
568: 568 185 568
569: 569 569 1331
570: 570 570 90
571: 179 571 571
572: 1012 572 572
573: 322 573 573
574: 952 574 574
575: 575 514 575
576: 576 576 1277
577: 577 577 670
578: 223 578 578
579: 579 579 280
580: 992 580 580
581: 103 581 581
582: 328 582 582
583: 566 583 583
584: 584 1111 584
585: 788 585 585
586: 586 586 777
587: 587 587 998
588: 408 588 588
589: 589 589 579
590: 590 1108 590
591: 591 591 919
592: 592 635 592
593: 593 95 593
594: 594 594 199
595: 595 154 595
596: 596 596 304
597: 597 423 597
598: 598 598 1250
599: 599 599 505
600: 600 659 600
601: 601 155 601
602: 799 602 602
603: 603 603 1371
604: 1339 604 604
605: 605 263 605
606: 606 606 914
607: 607 607 82
608: 608 320 608
609: 1384 609 609
610: 610 610 290
611: 830 611 611
612: 901 612 612
613: 613 1091 613
614: 614 614 96
615: 535 615 615
616: 616 207 616
617: 617 617 372
618: 1046 618 618
619: 619 619 240
620: 620 620 596
621: 621 621 883
622: 622 364 622
623: 994 623 623
624: 624 686 624
625: 625 625 127
626: 626 348 626
627: 627 627 766
628: 628 628 620
629: 629 1145 629
630: 630 630 826
631: 218 631 631
632: 632 632 913
633: 633 633 71
634: 1222 634 634
635: 635 1251 635
636: 636 665 636
637: 637 637 713
638: 784 638 638
639: 639 379 639
640: 640 640 375
641: 1039 641 641
642: 642 642 449
643: 643 643 672
644: 644 644 1175
645: 1232 645 645
646: 646 503 646
647: 1020 647 647
648: 183 648 648
649: 649 649 440
650: 650 650 1352
651: 651 19 651
652: 865 652 652
653: 684 653 653
654: 654 654 316
655: 655 1276 655
656: 457 656 656
657: 657 192 657
658: 658 658 420
659: 659 1237 659
660: 660 660 36
661: 661 661 1036
662: 662 662 787
663: 663 1345 663
664: 664 664 1360
665: 665 525 665
666: 666 1211 666
667: 667 667 926
668: 668 117 668
669: 1062 669 669
670: 670 670 1041
671: 1117 671 671
672: 672 672 822
673: 171 673 673
674: 674 1021 674
675: 675 675 747
676: 676 692 676
677: 677 853 677
678: 411 678 678
679: 679 679 494
680: 909 680 680
681: 681 1129 681
682: 682 682 570
683: 683 683 498
684: 1366 684 684
685: 1207 685 685
686: 686 45 686
687: 687 687 1292
688: 688 688 1187
689: 689 689 1341
690: 690 690 486
691: 691 166 691
692: 692 1301 692
693: 693 693 1002
694: 481 694 694
695: 695 663 695
696: 435 696 696
697: 697 697 444
698: 698 698 1287
699: 699 961 699
700: 700 700 29
701: 701 1074 701
702: 702 702 806
703: 703 703 855
704: 704 704 1184
705: 758 705 705
706: 706 50 706
707: 707 707 1245
708: 708 708 1178
709: 634 709 709
710: 1172 710 710
711: 609 711 711
712: 712 712 801
713: 713 713 1349
714: 714 161 714
715: 715 568 715
716: 391 716 716
717: 717 717 1239
718: 259 718 718
719: 325 719 719
720: 427 720 720
721: 721 674 721
722: 202 722 722
723: 723 723 724
724: 724 724 662
725: 725 396 725
726: 839 726 726
727: 727 727 702
728: 1283 728 728
729: 729 75 729
730: 730 730 1212
731: 64 731 731
732: 732 1380 732
733: 733 1118 733
734: 734 734 504
735: 735 735 1029
736: 736 736 121
737: 737 737 1379
738: 612 738 738
739: 739 1315 739
740: 388 740 740
741: 741 741 509
742: 742 1100 742
743: 743 441 743
744: 875 744 744
745: 745 264 745
746: 746 258 746
747: 747 747 124
748: 1165 748 748
749: 749 469 749
750: 750 750 664
751: 751 751 1192
752: 752 1351 752
753: 753 753 189
754: 638 754 754
755: 1223 755 755
756: 409 756 756
757: 757 120 757
758: 982 758 758
759: 759 759 7
760: 726 760 760
761: 761 985 761
762: 762 762 497
763: 763 763 1071
764: 1155 764 764
765: 765 1365 765
766: 766 766 395
767: 767 767 1217
768: 301 768 768
769: 769 833 769
770: 770 1264 770
771: 771 1089 771
772: 772 838 772
773: 773 105 773
774: 774 774 995
775: 864 775 775
776: 310 776 776
777: 777 777 614
778: 555 778 778
779: 779 779 1006
780: 780 646 780
781: 781 781 13
782: 782 26 782
783: 618 783 783
784: 1260 784 784
785: 785 785 823
786: 786 398 786
787: 787 787 309
788: 287 788 788
789: 789 789 617
790: 790 790 430
791: 791 791 228
792: 407 792 792
793: 793 247 793
794: 1102 794 794
795: 795 900 795
796: 711 796 796
797: 797 1059 797
798: 1322 798 798
799: 62 799 799
800: 800 306 800
801: 801 801 735
802: 802 1306 802
803: 363 803 803
804: 804 548 804
805: 277 805 805
806: 806 806 273
807: 807 133 807
808: 808 732 808
809: 809 809 261
810: 810 465 810
811: 648 811 811
812: 255 812 812
813: 813 15 813
814: 814 267 814
815: 815 815 447
816: 816 816 53
817: 817 817 248
818: 818 536 818
819: 819 819 967
820: 820 820 1128
821: 821 840 821
822: 822 822 482
823: 823 823 809
824: 824 1224 824
825: 825 825 329
826: 826 826 890
827: 827 827 1018
828: 828 1009 828
829: 1037 829 829
830: 936 830 830
831: 831 831 931
832: 832 832 386
833: 833 544 833
834: 834 272 834
835: 835 835 125
836: 836 1149 836
837: 837 837 279
838: 838 651 838
839: 1324 839 839
840: 840 983 840
841: 841 1181 841
842: 842 842 736
843: 453 843 843
844: 1040 844 844
845: 845 845 424
846: 1080 846 846
847: 847 847 146
848: 848 848 751
849: 849 1016 849
850: 850 850 390
851: 1139 851 851
852: 852 739 852
853: 853 1034 853
854: 854 655 854
855: 855 855 401
856: 360 856 856
857: 369 857 857
858: 858 858 475
859: 507 859 859
860: 860 461 860
861: 123 861 861
862: 862 1254 862
863: 863 561 863
864: 347 864 864
865: 783 865 865
866: 866 1231 866
867: 12 867 867
868: 868 193 868
869: 869 1262 869
870: 870 870 925
871: 871 216 871
872: 872 872 262
873: 873 873 734
874: 874 1218 874
875: 297 875 875
876: 876 920 876
877: 1288 877 877
878: 551 878 878
879: 879 463 879
880: 880 880 288
881: 881 881 283
882: 882 882 625
883: 883 883 1069
884: 1269 884 884
885: 857 885 885
886: 886 886 832
887: 887 1042 887
888: 1174 888 888
889: 1368 889 889
890: 890 890 1106
891: 139 891 891
892: 892 892 356
893: 893 1285 893
894: 696 894 894
895: 895 24 895
896: 896 349 896
897: 897 313 897
898: 84 898 898
899: 899 701 899
900: 900 836 900
901: 709 901 901
902: 902 114 902
903: 903 335 903
904: 1282 904 904
905: 905 706 905
906: 552 906 906
907: 907 907 530
908: 1179 908 908
909: 573 909 909
910: 1159 910 910
911: 911 911 886
912: 1383 912 912
913: 913 913 984
914: 914 914 1213
915: 915 915 633
916: 916 916 1284
917: 917 1136 917
918: 918 918 1228
919: 919 919 1151
920: 920 368 920
921: 16 921 921
922: 922 868 922
923: 923 782 923
924: 924 924 704
925: 925 925 1329
926: 926 926 847
927: 927 1063 927
928: 928 928 700
929: 929 929 750
930: 147 930 930
931: 931 931 291
932: 877 932 932
933: 933 989 933
934: 5 934 934
935: 1154 935 935
936: 42 936 936
937: 937 862 937
938: 938 938 541
939: 1372 939 939
940: 623 940 940
941: 645 941 941
942: 253 942 942
943: 943 813 943
944: 944 944 365
945: 299 945 945
946: 798 946 946
947: 947 1300 947
948: 948 534 948
949: 949 217 949
950: 950 950 40
951: 466 951 951
952: 1097 952 952
953: 953 953 345
954: 954 960 954
955: 955 1291 955
956: 776 956 956
957: 38 957 957
958: 958 958 850
959: 406 959 959
960: 960 134 960
961: 961 1150 961
962: 962 962 964
963: 963 963 1183
964: 964 964 93
965: 719 965 965
966: 966 966 249
967: 967 967 789
968: 968 968 380
969: 969 969 1376
970: 796 970 970
971: 971 205 971
972: 972 1334 972
973: 973 973 1123
974: 974 415 974
975: 975 975 353
976: 488 976 976
977: 738 977 977
978: 602 978 978
979: 979 979 527
980: 582 980 980
981: 981 28 981
982: 1070 982 982
983: 983 1019 983
984: 984 984 1256
985: 985 1272 985
986: 986 986 1124
987: 987 1373 987
988: 571 988 988
989: 989 393 989
990: 990 425 990
991: 991 991 687
992: 0 992 992
993: 641 993 993
994: 34 994 994
995: 995 995 698
996: 996 996 116
997: 1246 997 997
998: 998 998 422
999: 999 1185 999
1000: 1000 1363 1000
1001: 946 1001 1001
1002: 1002 1002 774
1003: 1003 1238 1003
1004: 1004 1004 57
1005: 1005 1072 1005
1006: 1006 1006 708
1007: 1007 1007 109
1008: 1347 1008 1008
1009: 1009 410 1009
1010: 1103 1010 1010
1011: 1011 1011 1304
1012: 156 1012 1012
1013: 908 1013 1013
1014: 344 1014 1014
1015: 1015 1110 1015
1016: 1016 122 1016
1017: 1017 1017 1367
1018: 1018 1018 790
1019: 1019 30 1019
1020: 203 1020 1020
1021: 1021 276 1021
1022: 1022 1195 1195
1023: 385 1023 1023
1024: 731 1024 1024
1025: 1025 172 1025
1026: 1214 1026 1026
1027: 229 1027 1027
1028: 1028 1028 598
1029: 973 1029 973
1030: 1030 565 1030
1031: 366 1031 1031
1032: 1205 1032 1032
1033: 1033 1033 963
1034: 1034 343 1034
1035: 1035 104 1035
1036: 1036 1036 1346
1037: 246 1037 1037
1038: 1038 1038 632
1039: 237 1039 1039
1040: 480 1040 1040
1041: 1041 1041 381
1042: 1042 479 1042
1043: 1043 624 1043
1044: 1044 1248 1044
1045: 1157 1045 1045
1046: 843 1046 1046
1047: 894 1047 1047
1048: 965 1048 1048
1049: 1049 1049 1004
1050: 418 1050 1050
1051: 1051 1051 431
1052: 1052 1052 968
1053: 1241 1053 1053
1054: 1054 1054 819
1055: 1055 1055 405
1056: 1056 493 1056
1057: 1057 1057 848
1058: 1058 1058 689
1059: 1059 905 1059
1060: 1060 1060 384
1061: 20 1061 1061
1062: 942 1062 1062
1063: 1063 72 1063
1064: 1064 1064 323
1065: 149 1065 1065
1066: 1066 296 1066
1067: 1067 517 1067
1068: 986 1068 986
1069: 1069 1069 266
1070: 138 1070 1070
1071: 1071 1071 516
1072: 1072 999 1072
1073: 1073 1073 1171
1074: 1074 49 1074
1075: 1210 1075 1075
1076: 1050 1076 1076
1077: 1077 1077 1088
1078: 1078 1078 599
1079: 1079 137 1079
1080: 194 1080 1080
1081: 1081 600 1081
1082: 1082 1164 1082
1083: 1083 1083 1051
1084: 1084 1199 1084
1085: 1085 367 1085
1086: 1086 990 1086
1087: 1087 1087 640
1088: 1088 1088 354
1089: 1089 1198 1089
1090: 1090 1090 842
1091: 1091 1220 1091
1092: 1092 1169 1092
1093: 1001 1093 1093
1094: 222 1094 1094
1095: 1354 1095 1095
1096: 1096 416 1096
1097: 685 1097 1097
1098: 775 1098 1098
1099: 1099 567 1099
1100: 1100 357 1100
1101: 1101 1101 619
1102: 88 1102 1102
1103: 1098 1103 1103
1104: 1104 695 1104
1105: 1105 177 1105
1106: 1106 1106 163
1107: 1107 1107 1017
1108: 1108 1067 1108
1109: 1109 1109 1361
1110: 1110 312 1110
1111: 1111 129 1111
1112: 1112 1112 1049
1113: 1113 1113 858
1114: 1114 1000 1114
1115: 1115 1189 1115
1116: 118 1116 1116
1117: 935 1117 1117
1118: 1118 186 1118
1119: 1119 1119 1058
1120: 1120 1120 759
1121: 110 1121 1121
1122: 1122 1122 377
1123: 1123 1123 820
1124: 1124 1124 370
1125: 647 1125 1125
1126: 1126 1126 1308
1127: 397 1127 1127
1128: 1128 1128 94
1129: 1129 195 1129
1130: 1130 613 1130
1131: 978 1131 1131
1132: 1132 769 1132
1133: 1133 1137 1133
1134: 718 1134 1134
1135: 1053 1135 1135
1136: 1136 893 1136
1137: 1137 526 1137
1138: 151 1138 1138
1139: 1240 1139 1139
1140: 1140 1234 1140
1141: 1141 1141 131
1142: 1142 175 1142
1143: 1143 1143 763
1144: 1144 1144 1202
1145: 1145 810 1145
1146: 1146 1146 489
1147: 804 1147 1147
1148: 1271 1148 1148
1149: 1149 560 1149
1150: 1150 657 1150
1151: 1151 1151 318
1152: 3 1152 1152
1153: 1153 1153 528
1154: 351 1154 1154
1155: 888 1155 1155
1156: 1156 119 1156
1157: 1121 1157 1157
1158: 1196 1158 1158
1159: 1024 1159 1159
1160: 1160 743 1160
1161: 1161 1161 1038
1162: 1162 1162 1126
1163: 1163 1163 667
1164: 1164 1022 1164
1165: 1076 1165 1165
1166: 1166 1044 1166
1167: 1167 772 1167
1168: 1168 1168 682
1169: 1169 605 1169
1170: 1170 1209 1170
1171: 1171 1171 2
1172: 392 1172 1172
1173: 1010 1173 1173
1174: 1014 1174 1174
1175: 1175 1175 928
1176: 483 1176 1176
1177: 508 1177 1177
1178: 1178 1178 1109
1179: 362 1179 1179
1180: 402 1180 1180
1181: 1181 58 1181
1182: 1182 866 1182
1183: 1183 1183 213
1184: 1184 1184 224
1185: 1185 927 1185
1186: 1186 1030 1186
1187: 1187 1187 436
1188: 1357 1188 1188
1189: 1189 434 1189
1190: 934 1190 1190
1191: 1191 190 1191
1192: 1192 1192 661
1193: 1193 1193 1280
1194: 580 1194 1194
1195: 1195 986 1195
1196: 581 1196 1196
1197: 1032 1197 1197
1198: 1198 462 1198
1199: 1199 903 1199
1200: 585 1200 1200
1201: 295 1201 1201
1202: 1202 1202 953
1203: 1203 1203 1263
1204: 1204 1204 1310
1205: 48 1205 1205
1206: 1206 1115 1206
1207: 1138 1207 1207
1208: 1208 1377 1208
1209: 1209 326 1209
1210: 112 1210 1210
1211: 1211 1298 1211
1212: 1212 1212 6
1213: 1213 1213 460
1214: 970 1214 1214
1215: 1215 808 1215
1216: 294 1216 1216
1217: 1217 1217 464
1218: 1218 1327 1218
1219: 1219 1186 1219
1220: 1220 539 1220
1221: 100 1221 1221
1222: 760 1222 1222
1223: 748 1223 1223
1224: 1224 601 1224
1225: 1225 1225 241
1226: 1226 102 1226
1227: 61 1227 1227
1228: 1228 1228 1356
1229: 1013 1229 1229
1230: 910 1230 1230
1231: 1231 1166 1231
1232: 1026 1232 1232
1233: 1233 795 1233
1234: 1234 1086 1234
1235: 487 1235 1235
1236: 1236 1236 1101
1237: 1237 256 1237
1238: 1238 765 1238
1239: 1239 1239 589
1240: 311 1240 1240
1241: 671 1241 1241
1242: 46 1242 1242
1243: 1281 1243 1243
1244: 1244 1244 1316
1245: 1245 1245 1146
1246: 533 1246 1246
1247: 451 1247 1247
1248: 1248 56 1248
1249: 1023 1249 1249
1250: 1250 1250 1011
1251: 1251 455 1251
1252: 1252 1191 1252
1253: 1253 281 1253
1254: 1254 546 1254
1255: 1255 818 1255
1256: 1256 1256 1073
1257: 805 1257 1257
1258: 1258 1258 837
1259: 1259 542 1259
1260: 339 1260 1260
1261: 1261 308 1261
1262: 1262 230 1262
1263: 1263 1263 791
1264: 1264 1079 1264
1265: 1265 478 1265
1266: 898 1266 1266
1267: 1267 1267 779
1268: 1268 1268 432
1269: 844 1269 1269
1270: 1270 1270 1055
1271: 889 1271 1271
1272: 1272 41 1272
1273: 1273 1156 1273
1274: 1229 1274 1274
1275: 1275 949 1275
1276: 1276 1130 1276
1277: 1277 1277 564
1278: 1278 1278 762
1279: 1279 506 1279
1280: 1280 1280 693
1281: 768 1281 1281
1282: 563 1282 1282
1283: 31 1283 1283
1284: 1284 1284 8
1285: 1285 352 1285
1286: 11 1286 1286
1287: 1287 1287 538
1288: 977 1288 1288
1289: 1235 1289 1289
1290: 1290 1290 289
1291: 1291 85 1291
1292: 1292 1292 1330
1293: 1293 1293 1162
1294: 1294 639 1294
1295: 443 1295 1295
1296: 1296 332 1296
1297: 1297 1297 456
1298: 1298 757 1298
1299: 1299 44 1299
1300: 1300 39 1300
1301: 1301 419 1301
1302: 1295 1302 1302
1303: 162 1303 1303
1304: 1304 1304 644
1305: 1305 1305 881
1306: 1306 715 1306
1307: 1095 1307 1307
1308: 1308 1308 650
1309: 374 1309 1309
1310: 1310 1310 1052
1311: 1311 1140 1311
1312: 1312 178 1312
1313: 1313 1313 76
1314: 631 1314 1314
1315: 1315 107 1315
1316: 1316 1316 361
1317: 764 1317 1317
1318: 906 1318 1318
1319: 1317 1319 1319
1320: 1320 1320 594
1321: 1321 1321 1370
1322: 128 1322 1322
1323: 1323 1323 916
1324: 1216 1324 1324
1325: 182 1325 1325
1326: 1326 1099 1326
1327: 1327 496 1327
1328: 794 1328 1328
1329: 1329 1329 966
1330: 1330 1330 975
1331: 1331 1331 1087
1332: 1148 1332 1332
1333: 941 1333 1333
1334: 1334 879 1334
1335: 1335 1335 252
1336: 1266 1336 1336
1337: 169 1337 1337
1338: 829 1338 1338
1339: 980 1339 1339
1340: 341 1340 1340
1341: 1341 1341 37
1342: 232 1342 1342
1343: 1343 521 1343
1344: 1344 342 1344
1345: 1345 1261 1345
1346: 1346 1346 389
1347: 394 1347 1347
1348: 1348 1348 630
1349: 1349 1349 781
1350: 956 1350 1350
1351: 1351 1296 1351
1352: 1352 1352 958
1353: 1353 1003 1353
1354: 474 1354 1354
1355: 1355 1359 1355
1356: 1356 1356 221
1357: 754 1357 1357
1358: 1358 157 1358
1359: 1359 513 1359
1360: 1360 1360 727
1361: 1361 1361 173
1362: 1362 174 1362
1363: 1363 65 1363
1364: 495 1364 1364
1365: 1365 1114 1365
1366: 1333 1366 1366
1367: 1367 1367 1323
1368: 236 1368 1368
1369: 1369 987 1369
1370: 1370 1370 658
1371: 1371 1371 319
1372: 930 1372 1372
1373: 1373 804 804
1374: 227 1374 1374
1375: 150 1375 1375
1376: 1376 1376 458
1377: 1377 622 1377
1378: 1378 691 1378
1379: 1379 1379 603
1380: 1380 1182 1380
1381: 1381 358 1381
1382: 300 1382 1382
1383: 1065 1383 1383
1384: 1375 1384 1384
1385: 615 1385 1385
