100 3
0: 60 1 80
1: 92 10 84
2: 14 14 14
3: 60 90 59
4: 8 41 86
5: 71 0 94
6: 64 64 64
7: 83 81 34
8: 15 65 16
9: 86 39 48
10: 88 4 10
11: 47 39 71
12: 91 6 61
13: 84 80 1
14: 73 35 73
15: 43 36 56
16: 78 49 76
17: 86 82 30
18: 3 43 3
19: 25 14 14
20: 87 87 42
21: 76 29 13
22: 89 23 54
23: 24 24 5
24: 61 72 57
25: 73 73 79
26: 31 55 71
27: 49 86 25
28: 84 55 86
29: 92 98 83
30: 43 56 43
31: 64 70 83
32: 50 7 95
33: 42 87 62
34: 49 24 62
35: 6 59 6
36: 2 2 95
37: 24 82 44
38: 18 30 41
39: 41 51 65
40: 35 0 78
41: 47 27 66
42: 30 15 30
43: 2 2 2
44: 81 71 66
45: 68 11 52
46: 75 50 9
47: 50 60 30
48: 64 5 31
49: 97 23 21
50: 23 10 2
51: 46 98 57
52: 73 35 73
53: 23 20 31
54: 88 24 27
55: 21 66 73
56: 19 2 19
57: 28 81 50
58: 33 28 23
59: 20 20 64
60: 62 90 65
61: 71 6 45
62: 15 15 93
63: 94 8 4
64: 62 87 87
65: 51 73 54
66: 7 8 68
67: 16 60 27
68: 51 22 90
69: 23 98 55
70: 41 70 84
71: 47 27 99
72: 57 40 17
73: 89 6 89
74: 84 46 84
75: 34 50 34
76: 27 49 86
77: 29 66 84
78: 68 66 6
79: 6 59 59
80: 23 37 7
81: 3 56 55
82: 11 47 68
83: 4 12 23
84: 78 64 99
85: 10 52 5
86: 42 88 39
87: 15 30 30
88: 32 81 38
89: 64 33 20
90: 96 79 91
91: 92 81 58
92: 0 21 81
93: 36 36 56
94: 8 0 46
95: 14 52 52
96: 37 48 78
97: 28 20 48
98: 40 52 58
99: 92 36 77
