126 3
0: 58 0 0
1: 1 1 43
2: 2 2 117
3: 3 3 122
4: 4 81 4
5: 73 73 5
6: 6 4 6
7: 7 6 7
8: 8 17 22
9: 9 48 9
10: 10 10 101
11: 0 11 11
12: 12 50 12
13: 13 66 13
14: 14 95 95
15: 46 15 15
16: 16 16 23
17: 73 55 17
18: 120 18 18
19: 19 113 19
20: 20 20 116
21: 54 21 21
22: 22 22 115
23: 23 23 1
24: 119 24 24
25: 25 25 109
26: 42 26 26
27: 24 27 27
28: 111 28 111
29: 5 29 29
30: 15 30 30
31: 31 12 31
32: 32 8 40
33: 33 33 97
34: 34 34 25
35: 76 35 35
36: 36 36 2
37: 37 37 112
38: 94 38 38
39: 80 39 39
40: 40 40 16
41: 41 51 41
42: 35 42 42
43: 43 43 33
44: 44 44 52
45: 45 53 45
46: 125 46 46
47: 47 107 47
48: 48 74 48
49: 49 85 49
50: 50 41 50
51: 51 17 17
52: 52 52 20
53: 53 77 53
54: 26 54 54
55: 55 45 55
56: 56 123 56
57: 29 57 57
58: 27 58 58
59: 59 59 65
60: 60 88 60
61: 61 91 61
62: 62 62 28
63: 64 63 63
64: 96 64 64
65: 8 65 8
66: 66 49 66
67: 67 67 103
68: 18 68 68
69: 69 69 3
70: 70 70 90
71: 71 102 71
72: 72 72 75
73: 38 73 73
74: 74 108 74
75: 75 75 69
76: 87 76 76
77: 77 121 77
78: 78 98 78
79: 79 47 79
80: 106 80 80
81: 81 56 81
82: 105 82 82
83: 89 83 83
84: 30 84 84
85: 85 19 85
86: 86 13 86
87: 114 87 87
88: 88 78 88
89: 63 89 89
90: 90 90 62
91: 91 60 91
92: 92 92 70
93: 118 93 93
94: 68 94 94
95: 82 71 95
96: 57 96 96
97: 97 97 37
98: 98 104 98
99: 32 99 32
100: 100 100 10
101: 101 101 72
102: 102 9 102
103: 103 103 44
104: 104 7 104
105: 39 105 105
106: 124 106 106
107: 107 86 107
108: 108 61 108
109: 109 109 99
110: 83 110 110
111: 111 95 100
112: 112 112 34
113: 113 31 113
114: 82 114 114
115: 115 115 36
116: 116 116 59
117: 117 117 67
118: 21 118 118
119: 110 119 119
120: 84 120 120
121: 121 79 121
122: 122 122 92
123: 123 14 123
124: 11 124 124
125: 93 125 125
