1386 3
0: 1287 0 0
1: 1 531 1
2: 2 1331 2
3: 3 3 799
4: 757 4 4
5: 1339 5 5
6: 6 6 341
7: 7 7 844
8: 8 1059 8
9: 9 9 299
10: 10 10 845
11: 11 11 1312
12: 12 12 1351
13: 13 13 985
14: 14 1206 14
15: 1137 15 15
16: 16 477 16
17: 17 387 17
18: 18 18 1207
19: 19 765 19
20: 20 20 619
21: 21 21 689
22: 22 22 347
23: 23 23 548
24: 216 24 24
25: 25 302 25
26: 1122 26 26
27: 27 1147 27
28: 443 28 28
29: 29 774 29
30: 30 304 30
31: 503 31 31
32: 252 32 32
33: 907 33 33
34: 34 34 835
35: 35 35 6
36: 221 36 36
37: 37 37 332
38: 43 38 38
39: 39 1372 39
40: 369 40 40
41: 596 41 41
42: 42 42 434
43: 307 43 43
44: 496 44 44
45: 896 45 45
46: 1051 46 46
47: 47 1167 47
48: 393 48 48
49: 300 49 49
50: 973 50 50
51: 190 51 51
52: 554 52 52
53: 53 169 53
54: 54 54 270
55: 55 698 55
56: 465 56 56
57: 378 57 57
58: 121 58 58
59: 59 312 59
60: 60 414 60
61: 1273 61 61
62: 62 333 62
63: 137 63 137
64: 64 64 784
65: 65 1277 65
66: 66 225 66
67: 1317 67 67
68: 1183 68 68
69: 184 69 69
70: 70 70 526
71: 71 298 71
72: 56 72 72
73: 73 1160 73
74: 74 1231 74
75: 75 75 724
76: 76 76 1222
77: 77 77 149
78: 78 1373 78
79: 79 79 623
80: 365 80 80
81: 122 81 81
82: 982 82 82
83: 83 83 1185
84: 84 84 1221
85: 85 899 85
86: 86 1171 86
87: 87 87 771
88: 662 88 88
89: 354 89 89
90: 90 655 90
91: 91 91 402
92: 92 850 92
93: 469 93 93
94: 94 797 94
95: 95 95 927
96: 96 85 96
97: 1161 97 97
98: 98 98 1344
99: 547 99 99
100: 100 100 1264
101: 101 442 101
102: 386 102 102
103: 103 1238 103
104: 104 104 126
105: 105 105 470
106: 351 106 106
107: 107 74 107
108: 108 108 952
109: 466 109 109
110: 110 582 110
111: 1374 111 111
112: 112 188 112
113: 113 131 113
114: 773 114 114
115: 1358 115 115
116: 116 677 116
117: 117 555 117
118: 1245 118 118
119: 33 119 119
120: 120 120 35
121: 464 121 121
122: 592 122 122
123: 123 1189 123
124: 124 939 124
125: 863 125 125
126: 126 126 1234
127: 783 127 127
128: 128 128 21
129: 129 129 1384
130: 130 130 1282
131: 131 1156 131
132: 132 685 132
133: 114 513 133
134: 134 1223 134
135: 40 135 135
136: 136 136 788
137: 137 1121 1278
138: 138 1125 138
139: 575 139 139
140: 770 140 140
141: 141 1338 141
142: 142 142 1256
143: 143 143 1095
144: 144 209 144
145: 145 145 1267
146: 146 146 266
147: 147 777 147
148: 775 148 148
149: 149 149 1079
150: 150 795 150
151: 480 151 151
152: 1135 152 152
153: 153 153 1142
154: 154 17 154
155: 437 155 155
156: 156 1094 156
157: 157 157 160
158: 158 158 1322
159: 409 159 159
160: 160 160 938
161: 161 161 344
162: 738 162 162
163: 728 163 163
164: 164 116 164
165: 165 165 451
166: 166 1379 166
167: 167 167 488
168: 168 168 980
169: 169 986 169
170: 170 170 534
171: 171 171 91
172: 172 1064 172
173: 173 173 485
174: 453 174 174
175: 175 1078 175
176: 176 176 671
177: 811 177 177
178: 178 958 178
179: 179 848 179
180: 93 180 180
181: 1151 181 181
182: 182 179 182
183: 767 183 183
184: 524 184 184
185: 1336 185 185
186: 186 489 186
187: 187 187 7
188: 188 1345 188
189: 189 550 189
190: 637 190 190
191: 191 191 1329
192: 192 192 1027
193: 1248 193 193
194: 194 731 194
195: 195 195 108
196: 196 196 772
197: 418 197 197
198: 198 936 198
199: 199 199 1168
200: 200 200 218
201: 721 201 201
202: 202 202 1217
203: 203 203 997
204: 204 204 192
205: 205 205 1308
206: 206 782 206
207: 207 123 207
208: 898 208 208
209: 209 1293 209
210: 210 1352 210
211: 211 211 705
212: 1123 212 212
213: 213 981 213
214: 214 214 1090
215: 215 215 84
216: 1067 216 216
217: 450 217 217
218: 218 218 431
219: 391 219 219
220: 265 220 220
221: 588 221 221
222: 222 318 222
223: 223 223 949
224: 224 326 224
225: 225 403 225
226: 1184 226 226
227: 227 1368 227
228: 228 883 228
229: 422 229 229
230: 823 230 230
231: 231 231 510
232: 15 232 232
233: 1021 233 233
234: 234 1246 234
235: 235 630 235
236: 236 311 236
237: 237 62 237
238: 238 238 1349
239: 256 239 239
240: 646 240 240
241: 241 241 1230
242: 242 234 242
243: 1121 243 1121
244: 244 955 244
245: 1195 245 245
246: 246 246 618
247: 247 682 247
248: 248 248 567
249: 249 249 1323
250: 849 250 250
251: 251 1321 251
252: 88 252 252
253: 253 253 893
254: 412 254 254
255: 816 255 255
256: 1092 256 256
257: 257 426 257
258: 258 258 1070
259: 163 259 259
260: 1320 260 260
261: 261 261 203
262: 1187 262 262
263: 263 802 263
264: 264 290 264
265: 1362 265 265
266: 266 266 686
267: 754 267 267
268: 262 268 268
269: 880 269 269
270: 270 270 587
271: 925 271 271
272: 272 272 397
273: 273 273 76
274: 1286 274 274
275: 1259 275 275
276: 276 276 356
277: 277 1302 277
278: 278 278 525
279: 279 279 202
280: 759 280 280
281: 911 281 281
282: 282 282 1196
283: 283 194 283
284: 284 538 284
285: 285 988 285
286: 286 632 286
287: 287 287 425
288: 384 288 288
289: 722 289 289
290: 290 1083 290
291: 291 745 291
292: 292 292 410
293: 1173 293 293
294: 294 154 294
295: 1333 295 295
296: 296 296 346
297: 297 297 1086
298: 298 1283 298
299: 299 299 843
300: 324 300 300
301: 1054 301 301
302: 302 840 302
303: 303 178 303
304: 304 974 304
305: 305 141 305
306: 306 306 1252
307: 518 307 307
308: 664 308 308
309: 309 872 309
310: 310 310 1010
311: 311 224 311
312: 312 805 312
313: 313 313 577
314: 314 314 1200
315: 315 315 421
316: 316 316 1177
317: 317 317 520
318: 318 363 318
319: 1298 319 319
320: 320 320 258
321: 321 321 667
322: 322 322 238
323: 323 323 400
324: 736 324 324
325: 348 325 325
326: 326 859 326
327: 953 327 327
328: 377 328 328
329: 50 329 329
330: 330 330 79
331: 331 762 331
332: 332 332 648
333: 333 213 333
334: 301 334 334
335: 335 335 647
336: 891 336 336
337: 337 337 604
338: 338 1174 338
339: 917 339 339
340: 340 340 1004
341: 341 341 561
342: 342 508 342
343: 343 814 343
344: 344 344 1030
345: 345 345 1262
346: 346 346 635
347: 347 347 77
348: 97 348 348
349: 349 696 349
350: 350 350 779
351: 1133 351 351
352: 352 352 700
353: 89 353 353
354: 151 354 354
355: 355 355 1218
356: 356 356 549
357: 357 357 191
358: 358 358 100
359: 359 359 323
360: 360 539 360
361: 361 361 921
362: 362 285 362
363: 363 1380 363
364: 375 364 364
365: 72 365 365
366: 366 601 366
367: 367 367 1314
368: 786 368 368
369: 607 369 369
370: 370 92 370
371: 371 371 931
372: 372 1018 372
373: 373 373 570
374: 1071 374 374
375: 472 375 375
376: 950 376 376
377: 1138 377 377
378: 688 378 378
379: 177 379 379
380: 625 380 380
381: 1274 381 381
382: 382 1357 382
383: 1103 383 383
384: 913 384 384
385: 385 787 385
386: 507 386 386
387: 387 210 387
388: 934 388 388
389: 389 519 389
390: 32 390 390
391: 80 391 391
392: 1033 392 392
393: 1028 393 393
394: 394 394 12
395: 395 244 395
396: 396 138 396
397: 397 397 223
398: 288 398 398
399: 399 399 165
400: 400 400 296
401: 401 1049 401
402: 402 402 726
403: 403 995 403
404: 404 404 167
405: 405 405 129
406: 406 942 406
407: 407 407 1076
408: 408 408 1069
409: 1029 409 409
410: 410 410 34
411: 1175 411 411
412: 523 412 412
413: 57 413 413
414: 414 1191 1191
415: 415 415 932
416: 416 1303 416
417: 1009 417 417
418: 1132 418 418
419: 49 419 419
420: 420 855 420
421: 421 421 826
422: 574 422 422
423: 566 423 423
424: 424 424 867
425: 425 425 10
426: 426 235 426
427: 427 427 1035
428: 428 132 428
429: 429 429 874
430: 430 1316 430
431: 431 431 1383
432: 432 484 432
433: 1251 433 433
434: 434 434 792
435: 435 809 435
436: 436 1342 436
437: 631 437 437
438: 152 438 438
439: 439 439 1296
440: 440 440 1224
441: 909 441 441
442: 442 945 442
443: 1188 443 443
444: 444 1378 444
445: 445 1034 445
446: 446 446 195
447: 447 445 447
448: 448 448 718
449: 139 449 449
450: 1254 450 450
451: 451 451 243
452: 452 452 272
453: 240 453 453
454: 454 1232 454
455: 702 455 455
456: 456 113 456
457: 457 457 310
458: 839 458 458
459: 687 459 459
460: 460 460 989
461: 887 461 461
462: 962 462 462
463: 463 1045 463
464: 24 464 464
465: 250 465 465
466: 245 466 466
467: 467 467 752
468: 468 821 468
469: 233 469 469
470: 470 470 95
471: 471 71 471
472: 325 472 472
473: 473 813 473
474: 474 497 474
475: 475 780 475
476: 476 476 211
477: 477 875 477
478: 649 478 478
479: 479 1119 479
480: 1328 480 480
481: 481 481 860
482: 482 482 205
483: 505 483 483
484: 484 1214 484
485: 485 485 196
486: 486 486 330
487: 650 487 487
488: 488 488 807
489: 489 1350 489
490: 963 490 490
491: 491 491 1093
492: 492 492 335
493: 493 103 493
494: 494 494 241
495: 692 495 495
496: 568 496 496
497: 497 801 497
498: 498 498 915
499: 499 499 486
500: 500 500 292
501: 501 501 1216
502: 663 502 502
503: 825 503 503
504: 703 504 504
505: 1099 505 505
506: 641 506 506
507: 866 507 507
508: 508 8 508
509: 509 1088 509
510: 510 510 659
511: 511 511 120
512: 512 654 512
513: 513 621 513
514: 514 1341 514
515: 28 515 515
516: 516 372 516
517: 517 1315 517
518: 729 518 518
519: 519 331 519
520: 520 520 822
521: 521 879 521
522: 267 522 522
523: 368 523 523
524: 522 524 524
525: 525 525 457
526: 526 526 1194
527: 527 1270 527
528: 528 528 214
529: 694 529 529
530: 530 1266 530
531: 531 827 531
532: 532 532 665
533: 533 585 533
534: 534 534 105
535: 535 535 1005
536: 536 536 345
537: 295 537 537
538: 538 725 538
539: 539 389 539
540: 540 540 884
541: 1347 541 541
542: 398 542 542
543: 543 543 1197
544: 1042 544 544
545: 545 1208 545
546: 1082 546 546
547: 1237 547 547
548: 548 548 711
549: 549 549 158
550: 550 264 550
551: 551 343 551
552: 552 552 593
553: 753 553 553
554: 339 554 554
555: 555 1136 555
556: 556 1299 556
557: 557 1050 557
558: 558 382 558
559: 109 559 559
560: 720 560 560
561: 561 561 1044
562: 712 562 562
563: 563 1327 563
564: 564 790 564
565: 379 565 565
566: 441 566 566
567: 567 567 1101
568: 1306 568 568
569: 569 569 919
570: 570 570 83
571: 254 571 571
572: 572 1343 572
573: 573 683 573
574: 106 574 574
575: 529 575 575
576: 576 576 1127
577: 577 577 1089
578: 578 578 199
579: 579 1241 579
580: 580 580 701
581: 640 581 581
582: 582 558 582
583: 1215 583 583
584: 584 889 584
585: 585 435 585
586: 327 586 586
587: 587 587 1065
588: 1141 588 588
589: 589 589 1084
590: 590 1063 590
591: 591 710 591
592: 870 592 592
593: 593 593 427
594: 594 743 594
595: 595 595 733
596: 746 596 596
597: 597 597 75
598: 598 1180 598
599: 599 305 599
600: 600 1012 600
601: 601 291 601
602: 1192 602 602
603: 603 603 500
604: 604 604 501
605: 605 965 605
606: 562 606 606
607: 81 607 607
608: 608 608 1036
609: 609 277 609
610: 610 60 610
611: 803 611 611
612: 612 612 669
613: 613 1162 613
614: 614 55 614
615: 615 615 871
616: 459 616 616
617: 217 617 617
618: 618 618 645
619: 619 619 1000
620: 620 620 528
621: 621 1043 621
622: 622 897 622
623: 623 623 9
624: 127 624 624
625: 901 625 625
626: 626 626 399
627: 627 521 627
628: 502 628 628
629: 629 1335 629
630: 630 699 630
631: 433 631 631
632: 632 1047 632
633: 1250 633 633
634: 68 634 634
635: 635 635 1144
636: 636 454 636
637: 1249 637 637
638: 638 1210 638
639: 639 951 639
640: 1038 640 640
641: 1228 641 641
642: 642 642 580
643: 1157 643 643
644: 197 644 644
645: 645 645 1165
646: 994 646 646
647: 647 647 877
648: 648 648 983
649: 652 649 649
650: 268 650 650
651: 230 651 651
652: 892 652 652
653: 653 653 1039
654: 654 479 654
655: 655 1112 655
656: 656 656 608
657: 657 251 657
658: 658 930 658
659: 659 659 748
660: 660 660 317
661: 661 638 661
662: 455 662 662
663: 374 663 663
664: 219 664 664
665: 665 665 460
666: 666 1017 666
667: 667 667 668
668: 668 668 876
669: 669 669 171
670: 670 670 841
671: 671 671 452
672: 672 342 672
673: 220 673 673
674: 937 674 674
675: 675 107 675
676: 676 676 42
677: 677 1236 677
678: 364 678 678
679: 232 679 679
680: 680 401 680
681: 1087 681 681
682: 682 579 682
683: 683 831 683
684: 1091 684 684
685: 685 591 685
686: 686 686 3
687: 269 687 687
688: 319 688 688
689: 689 689 1275
690: 1330 690 690
691: 691 691 734
692: 1326 692 692
693: 693 693 888
694: 118 694 694
695: 695 695 714
696: 696 564 696
697: 697 697 1024
698: 698 263 698
699: 699 629 699
700: 700 700 723
701: 701 701 626
702: 1048 702 702
703: 155 703 703
704: 704 704 707
705: 705 705 1110
706: 515 706 706
707: 707 707 693
708: 708 708 1284
709: 996 709 709
710: 710 29 710
711: 711 711 492
712: 260 712 712
713: 713 912 713
714: 714 714 104
715: 715 444 715
716: 716 755 716
717: 717 420 717
718: 718 718 371
719: 719 719 1096
720: 544 720 720
721: 381 721 721
722: 506 722 722
723: 723 723 322
724: 724 724 187
725: 725 830 725
726: 726 726 1124
727: 140 727 727
728: 135 728 728
729: 565 729 729
730: 730 1116 730
731: 731 713 731
732: 162 732 732
733: 733 733 482
734: 734 734 735
735: 735 735 954
736: 634 736 736
737: 390 737 737
738: 1057 738 738
739: 739 563 739
740: 740 740 1225
741: 741 90 741
742: 742 416 742
743: 743 189 743
744: 51 744 744
745: 745 227 745
746: 1198 746 746
747: 31 747 747
748: 748 748 1244
749: 749 749 173
750: 617 750 750
751: 1211 751 751
752: 752 752 984
753: 376 753 753
754: 1077 754 754
755: 755 675 755
756: 756 1324 756
757: 992 757 757
758: 758 156 758
759: 674 759 759
760: 760 25 760
761: 159 761 761
762: 762 1354 762
763: 763 763 248
764: 764 764 279
765: 765 294 765
766: 1239 766 766
767: 737 767 767
768: 768 1199 768
769: 769 769 1109
770: 644 770 770
771: 771 771 153
772: 772 772 1007
773: 857 773 773
774: 774 283 774
775: 624 775 775
776: 776 776 1364
777: 777 1040 777
778: 778 778 1139
779: 779 779 956
780: 780 39 780
781: 781 853 781
782: 782 940 782
783: 1375 783 783
784: 784 784 1058
785: 678 785 785
786: 275 786 786
787: 787 1280 787
788: 788 788 999
789: 789 1176 789
790: 790 530 790
791: 5 791 791
792: 792 792 597
793: 793 793 249
794: 1309 794 794
795: 795 933 795
796: 796 639 796
797: 797 1182 797
798: 798 798 842
799: 799 799 367
800: 800 800 359
801: 801 96 801
802: 802 66 802
803: 976 803 803
804: 804 456 804
805: 805 512 805
806: 1105 806 806
807: 807 807 1348
808: 808 808 361
809: 809 228 809
810: 810 715 810
811: 1074 811 811
812: 812 812 1260
813: 813 742 813
814: 814 94 814
815: 815 110 815
816: 869 816 816
817: 817 242 817
818: 818 1190 818
819: 819 819 1019
820: 820 820 1334
821: 821 19 821
822: 822 822 200
823: 487 823 823
824: 1106 824 824
825: 226 825 825
826: 826 826 676
827: 827 817 827
828: 828 613 828
829: 829 829 540
830: 830 1153 830
831: 831 395 831
832: 1155 832 832
833: 833 833 704
834: 834 834 1181
835: 835 835 1061
836: 836 556 836
837: 837 473 837
838: 838 838 204
839: 423 839 839
840: 840 349 840
841: 841 841 448
842: 842 842 691
843: 843 843 612
844: 844 844 424
845: 845 845 535
846: 846 846 143
847: 847 847 168
848: 848 117 848
849: 69 849 849
850: 850 987 850
851: 851 851 98
852: 679 852 852
853: 853 666 853
854: 383 854 854
855: 855 657 855
856: 541 856 856
857: 392 857 857
858: 858 858 373
859: 859 1066 859
860: 860 860 697
861: 861 1203 861
862: 862 862 1247
863: 38 863 863
864: 864 1363 864
865: 865 865 1295
866: 255 866 866
867: 867 867 1377
868: 329 868 868
869: 239 869 869
870: 991 870 870
871: 871 871 833
872: 872 1146 872
873: 873 873 1382
874: 874 874 820
875: 875 815 875
876: 1111 876 1111
877: 877 877 70
878: 806 878 878
879: 879 1346 879
880: 411 880 880
881: 881 881 1178
882: 882 1332 882
883: 883 594 883
884: 884 884 282
885: 542 885 885
886: 886 886 161
887: 336 887 887
888: 888 888 569
889: 889 914 889
890: 854 890 890
891: 961 891 891
892: 58 892 892
893: 893 893 314
894: 924 894 894
895: 895 895 145
896: 581 896 896
897: 897 768 897
898: 1053 898 898
899: 899 717 899
900: 61 900 900
901: 947 901 901
902: 1369 902 902
903: 1166 903 903
904: 904 904 829
905: 791 905 905
906: 906 1209 906
907: 26 907 907
908: 908 908 276
909: 44 909 909
910: 910 910 1055
911: 388 911 911
912: 912 573 912
913: 747 913 913
914: 914 222 914
915: 915 915 847
916: 458 916 916
917: 553 917 917
918: 918 1243 918
919: 919 919 1205
920: 920 527 920
921: 921 921 315
922: 922 922 350
923: 923 923 405
924: 259 924 924
925: 1172 925 925
926: 926 622 926
927: 927 927 415
928: 99 928 928
929: 929 929 834
930: 930 614 930
931: 931 931 1150
932: 932 932 812
933: 933 1219 933
934: 102 934 934
935: 935 1376 935
936: 936 166 936
937: 684 937 937
938: 938 938 394
939: 939 1193 939
940: 940 1292 940
941: 941 739 941
942: 942 672 942
943: 943 206 943
944: 944 186 944
945: 945 207 945
946: 1098 946 946
947: 606 947 947
948: 948 741 948
949: 949 949 886
950: 48 950 950
951: 951 1145 951
952: 952 952 656
953: 571 953 953
954: 954 954 532
955: 955 1240 955
956: 956 956 287
957: 890 957 957
958: 958 1300 958
959: 959 959 966
960: 960 661 960
961: 1085 961 961
962: 1313 962 962
963: 504 963 963
964: 964 964 873
965: 965 590 965
966: 966 966 851
967: 967 468 967
968: 968 1213 968
969: 969 1102 969
970: 970 551 970
971: 1269 971 971
972: 972 972 642
973: 1068 973 973
974: 974 960 974
975: 975 1032 975
976: 449 976 976
977: 977 309 977
978: 978 978 1307
979: 979 979 273
980: 980 980 491
981: 981 1056 981
982: 289 982 982
983: 983 983 494
984: 984 984 439
985: 985 985 404
986: 986 1360 986
987: 987 1126 987
988: 988 918 988
989: 989 989 467
990: 990 990 1370
991: 212 991 991
992: 1290 992 992
993: 993 993 972
994: 438 994 994
995: 995 609 995
996: 41 996 996
997: 997 997 253
998: 1226 998 998
999: 999 999 128
1000: 1000 1000 37
1001: 1001 1001 838
1002: 1002 198 1002
1003: 280 1003 1003
1004: 1004 1004 653
1005: 1005 1005 543
1006: 1006 1006 13
1007: 1007 1007 536
1008: 1008 1008 261
1009: 957 1009 1009
1010: 1010 1010 1001
1011: 1011 1011 358
1012: 1012 1242 1012
1013: 1013 1013 1170
1014: 1014 1014 1097
1015: 1015 789 1015
1016: 1016 1016 297
1017: 1017 584 1017
1018: 1018 545 1018
1019: 1019 1019 215
1020: 490 1020 1020
1021: 281 1021 1021
1022: 1022 610 1022
1023: 1023 1130 1023
1024: 1024 1024 1305
1025: 1025 475 1025
1026: 1026 1026 1272
1027: 1027 1027 923
1028: 180 1028 1028
1029: 1301 1029 1029
1030: 1030 1030 87
1031: 1031 1 1031
1032: 1032 1365 1032
1033: 643 1033 1033
1034: 1034 493 1034
1035: 1035 1035 1108
1036: 1036 1036 352
1037: 1037 1031 1037
1038: 946 1038 1038
1039: 1039 1039 1104
1040: 1040 474 1040
1041: 1041 1041 1060
1042: 583 1042 1042
1043: 1043 756 1043
1044: 1044 1044 357
1045: 1045 941 1045
1046: 1046 370 1046
1047: 1047 968 1047
1048: 785 1048 1048
1049: 1049 796 1049
1050: 1050 514 1050
1051: 111 1051 1051
1052: 1052 1052 340
1053: 832 1053 1053
1054: 114 114 1054
1055: 1055 1055 142
1056: 1056 1318 1056
1057: 148 1057 1057
1058: 1058 1058 1233
1059: 1059 150 1059
1060: 1060 1060 499
1061: 1061 1061 20
1062: 1062 257 1062
1063: 1063 517 1063
1064: 1064 432 1064
1065: 1065 1065 157
1066: 1066 636 1066
1067: 1367 1067 1067
1068: 1263 1068 1068
1069: 1069 1069 1289
1070: 1070 1070 1052
1071: 353 1071 1071
1072: 1072 1154 1072
1073: 856 1073 1073
1074: 651 1074 1074
1075: 1075 1075 819
1076: 1076 1076 778
1077: 852 1077 1077
1078: 1078 804 1078
1079: 1079 1079 1013
1080: 1080 1080 1075
1081: 461 1081 1081
1082: 1201 1082 1082
1083: 1083 65 1083
1084: 1084 1084 620
1085: 878 1085 1085
1086: 1086 1086 408
1087: 271 1087 1087
1088: 1088 53 1088
1089: 1089 1089 1355
1090: 1090 1090 910
1091: 1253 1091 1091
1092: 328 1092 1092
1093: 1093 1093 1016
1094: 1094 1143 1094
1095: 1095 1095 1169
1096: 1096 1096 1276
1097: 1097 1097 511
1098: 546 1098 1098
1099: 894 1099 1099
1100: 1100 716 1100
1101: 1101 1101 481
1102: 1102 1340 1102
1103: 673 1103 1103
1104: 1104 1104 929
1105: 229 1105 1105
1106: 417 1106 1106
1107: 1113 1107 1107
1108: 1108 1108 881
1109: 1109 1109 1026
1110: 1110 1110 719
1111: 1111 1191 578
1112: 1112 30 1112
1113: 478 1113 1113
1114: 1114 920 1114
1115: 208 1115 1115
1116: 1116 1212 1116
1117: 1117 303 1117
1118: 125 1118 1118
1119: 1119 509 1119
1120: 1120 1120 660
1121: 1121 133 964
1122: 82 1122 1122
1123: 1140 1123 1123
1124: 1124 1124 1158
1125: 1125 760 1125
1126: 1126 658 1126
1127: 1127 1127 1279
1128: 1128 557 1128
1129: 1129 730 1129
1130: 1130 864 1130
1131: 1131 1235 1131
1132: 1115 1132 1132
1133: 560 1133 1133
1134: 1134 1164 1134
1135: 1107 1135 1135
1136: 1136 967 1136
1137: 824 1137 1137
1138: 483 1138 1138
1139: 1139 1139 993
1140: 761 1140 1140
1141: 495 1141 1141
1142: 1142 1142 798
1143: 1143 818 1143
1144: 1144 1144 278
1145: 1145 1159 1145
1146: 1146 970 1146
1147: 1147 59 1147
1148: 1148 1128 1148
1149: 1149 600 1149
1150: 1150 1150 990
1151: 1361 1151 1151
1152: 1152 1265 1152
1153: 1153 1023 1153
1154: 1154 73 1154
1155: 45 1155 1155
1156: 1156 605 1156
1157: 902 1157 1157
1158: 1158 1158 1011
1159: 1159 926 1159
1160: 1160 16 1160
1161: 181 1161 1161
1162: 1162 1117 1162
1163: 1163 1163 904
1164: 1164 360 1164
1165: 1165 1165 63
1166: 1268 1166 1166
1167: 1167 182 1167
1168: 1168 1168 176
1169: 1169 1169 670
1170: 1170 1170 1356
1171: 1171 406 1171
1172: 1271 1172 1172
1173: 0 1173 1173
1174: 1174 1022 1174
1175: 119 1175 1175
1176: 1176 338 1176
1177: 1177 1177 922
1178: 1178 1178 429
1179: 1325 1179 1179
1180: 1180 758 1180
1181: 1181 1181 1080
1182: 1182 134 1182
1183: 1118 1183 1183
1184: 419 1184 1184
1185: 1185 1185 306
1186: 706 1186 1186
1187: 794 1187 1187
1188: 52 1188 1188
1189: 1189 948 1189
1190: 1190 1204 1190
1191: 80 781 1191
1192: 744 1192 1192
1193: 1193 1149 1193
1194: 1194 1194 1381
1195: 998 1195 1195
1196: 1196 1196 764
1197: 1197 1197 1163
1198: 1179 1198 1198
1199: 1199 598 1199
1200: 1200 1200 446
1201: 616 1201 1201
1202: 1202 1202 749
1203: 1203 27 1203
1204: 1204 977 1204
1205: 1205 1205 846
1206: 1206 366 1206
1207: 1207 1207 64
1208: 1208 572 1208
1209: 1209 172 1209
1210: 1210 447 1210
1211: 559 1211 1211
1212: 1212 1100 1212
1213: 1213 836 1213
1214: 1214 147 1214
1215: 1310 1215 1215
1216: 1216 1216 959
1217: 1217 1217 1202
1218: 1218 1218 18
1219: 1219 828 1219
1220: 1220 284 1220
1221: 1221 1221 23
1222: 1222 1222 246
1223: 1223 78 1223
1224: 1224 1224 908
1225: 1225 1225 895
1226: 174 1226 1226
1227: 1227 1359 1227
1228: 1073 1228 1228
1229: 905 1229 1229
1230: 1230 1230 1294
1231: 1231 14 1231
1232: 1232 2 1232
1233: 1233 1233 407
1234: 1234 1234 1304
1235: 1235 86 1235
1236: 1236 1288 1236
1237: 334 1237 1237
1238: 1238 975 1238
1239: 413 1239 1239
1240: 1240 1319 1240
1241: 1241 471 1241
1242: 1242 1002 1242
1243: 1243 385 1243
1244: 1244 1244 1006
1245: 727 1245 1245
1246: 1246 680 1246
1247: 1247 1247 603
1248: 971 1248 1248
1249: 928 1249 1249
1250: 4 1250 1250
1251: 185 1251 1251
1252: 1252 1252 740
1253: 201 1253 1253
1254: 46 1254 1254
1255: 1255 1255 337
1256: 1256 1256 776
1257: 602 1257 1257
1258: 36 1258 1258
1259: 766 1259 1259
1260: 1260 1260 1008
1261: 1229 1261 1261
1262: 1262 1262 54
1263: 732 1263 1263
1264: 1264 1264 476
1265: 1265 944 1265
1266: 1266 112 1266
1267: 1267 1267 316
1268: 1003 1268 1268
1269: 537 1269 1269
1270: 1270 627 1270
1271: 586 1271 1271
1272: 1272 1272 1255
1273: 690 1273 1273
1274: 916 1274 1274
1275: 1275 1275 865
1276: 1276 1276 22
1277: 1277 124 1277
1278: 1278 1278 858
1279: 1279 1279 231
1280: 1280 1152 1280
1281: 1281 1281 978
1282: 1282 1282 11
1283: 1283 1291 1283
1284: 1284 1284 979
1285: 1285 164 1285
1286: 115 1286 1286
1287: 903 1287 1287
1288: 1288 1015 1288
1289: 1289 1289 708
1290: 380 1290 1290
1291: 1291 1337 1291
1292: 1292 882 1292
1293: 1293 463 1293
1294: 1294 1294 146
1295: 1295 1295 1014
1296: 1296 1296 320
1297: 1297 1297 808
1298: 308 1298 1298
1299: 1299 1072 1299
1300: 1300 1353 1300
1301: 462 1301 1301
1302: 1302 396 1302
1303: 1303 1311 1303
1304: 1304 1304 552
1305: 1305 1305 576
1306: 274 1306 1306
1307: 1307 1307 595
1308: 1308 1308 1120
1309: 1186 1309 1309
1310: 183 1310 1310
1311: 1311 286 1311
1312: 1312 1312 793
1313: 1081 1313 1313
1314: 1314 1314 1041
1315: 1315 1046 1315
1316: 1316 599 1316
1317: 681 1317 1317
1318: 1318 943 1318
1319: 1319 861 1319
1320: 628 1320 1320
1321: 1321 428 1321
1322: 1322 1322 769
1323: 1323 1323 862
1324: 1324 906 1324
1325: 293 1325 1325
1326: 750 1326 1326
1327: 1327 516 1327
1328: 67 1328 1328
1329: 1329 1329 1297
1330: 709 1330 1330
1331: 1331 935 1331
1332: 1332 144 1332
1333: 633 1333 1333
1334: 1334 1334 170
1335: 1335 810 1335
1336: 1261 1336 1336
1337: 1337 1134 1337
1338: 1338 101 1338
1339: 1257 1339 1339
1340: 1340 1131 1340
1341: 1341 236 1341
1342: 1342 1062 1342
1343: 1343 969 1343
1344: 1344 1344 313
1345: 1345 247 1345
1346: 1346 47 1346
1347: 900 1347 1347
1348: 1348 1348 695
1349: 1349 1349 1281
1350: 1350 1025 1350
1351: 1351 1351 130
1352: 1352 533 1352
1353: 1353 133 133
1354: 1354 1227 1354
1355: 1355 1355 763
1356: 1356 1356 498
1357: 1357 237 1357
1358: 751 1358 1358
1359: 1359 1285 1359
1360: 1360 362 1360
1361: 1366 1361 1361
1362: 868 1362 1362
1363: 1363 837 1363
1364: 1364 1364 440
1365: 1365 1129 1365
1366: 1371 1366 1366
1367: 1020 1367 1367
1368: 1368 1220 1368
1369: 885 1369 1369
1370: 1370 1370 321
1371: 193 1371 1371
1372: 1372 430 1372
1373: 1373 1114 1373
1374: 611 1374 1374
1375: 1258 1375 1375
1376: 1376 436 1376
1377: 1377 1377 800
1378: 1378 1037 1378
1379: 1379 175 1379
1380: 1380 1385 1380
1381: 1381 1381 136
1382: 1382 1382 589
1383: 1383 1383 355
1384: 1384 1384 615
1385: 1385 1148 1385
