630 3
0: 0 142 0
1: 1 1 491
2: 533 2 2
3: 3 159 3
4: 74 4 4
5: 5 534 5
6: 6 6 289
7: 351 7 7
8: 8 8 481
9: 9 9 504
10: 483 10 10
11: 304 11 11
12: 12 12 243
13: 165 13 13
14: 14 217 14
15: 15 15 248
16: 16 16 577
17: 516 17 17
18: 18 190 18
19: 476 19 19
20: 20 20 456
21: 21 185 21
22: 70 22 22
23: 23 23 354
24: 221 24 24
25: 25 350 25
26: 26 26 301
27: 27 27 41
28: 28 28 284
29: 29 29 424
30: 30 321 62
31: 31 362 31
32: 81 32 32
33: 33 80 33
34: 34 34 180
35: 35 512 35
36: 36 457 36
37: 37 314 37
38: 38 38 101
39: 39 102 39
40: 40 280 40
41: 41 41 115
42: 42 381 42
43: 43 63 43
44: 44 39 44
45: 45 45 393
46: 544 46 46
47: 47 47 155
48: 48 48 564
49: 49 392 49
50: 50 50 12
51: 141 51 51
52: 329 52 52
53: 53 443 53
54: 54 528 54
55: 149 55 55
56: 30 56 30
57: 57 97 57
58: 58 89 58
59: 59 131 59
60: 60 151 60
61: 77 61 61
62: 62 62 82
63: 63 620 63
64: 215 64 64
65: 276 65 65
66: 66 66 219
67: 568 67 67
68: 68 68 130
69: 415 69 69
70: 432 70 70
71: 71 616 71
72: 72 72 287
73: 255 73 73
74: 191 74 74
75: 75 49 75
76: 76 76 189
77: 576 77 77
78: 78 123 78
79: 79 79 171
80: 80 58 80
81: 386 81 81
82: 82 82 387
83: 83 136 136
84: 84 178 84
85: 4 85 85
86: 290 86 86
87: 87 206 87
88: 88 523 88
89: 89 431 89
90: 90 90 266
91: 91 91 27
92: 92 92 157
93: 93 136 144
94: 94 94 303
95: 95 95 68
96: 515 96 96
97: 97 216 97
98: 98 14 98
99: 99 99 574
100: 519 100 100
101: 101 101 201
102: 102 601 102
103: 103 590 103
104: 104 606 104
105: 105 105 95
106: 106 607 106
107: 107 53 107
108: 108 545 108
109: 390 109 109
110: 584 110 110
111: 111 111 502
112: 86 112 112
113: 113 212 113
114: 114 114 330
115: 115 115 313
116: 625 116 116
117: 117 166 117
118: 118 118 147
119: 119 119 229
120: 120 586 120
121: 441 121 121
122: 122 42 122
123: 123 430 123
124: 124 122 124
125: 125 482 125
126: 126 126 34
127: 619 127 127
128: 379 128 128
129: 355 129 129
130: 130 130 384
131: 131 244 131
132: 132 132 198
133: 181 133 133
134: 134 310 134
135: 135 135 622
136: 2 208 136
137: 137 137 526
138: 138 138 407
139: 139 0 139
140: 140 104 140
141: 581 141 141
142: 142 377 142
143: 410 143 143
144: 144 144 232
145: 385 145 145
146: 146 602 146
147: 147 147 450
148: 148 148 227
149: 235 149 149
150: 150 35 150
151: 151 262 151
152: 152 361 152
153: 153 150 153
154: 154 154 132
155: 155 155 105
156: 156 433 156
157: 157 157 50
158: 267 158 158
159: 159 571 159
160: 160 160 175
161: 161 469 161
162: 158 162 162
163: 163 250 163
164: 164 164 422
165: 24 165 165
166: 166 608 166
167: 167 547 167
168: 202 168 168
169: 169 169 20
170: 145 170 170
171: 171 171 411
172: 162 172 172
173: 17 173 173
174: 403 174 174
175: 175 175 196
176: 434 176 434
177: 177 177 442
178: 178 486 178
179: 179 369 179
180: 180 180 56
181: 352 181 181
182: 182 59 182
183: 183 609 183
184: 184 453 184
185: 185 33 185
186: 186 186 169
187: 187 187 508
188: 188 120 188
189: 189 189 326
190: 190 451 190
191: 170 191 191
192: 192 192 485
193: 347 193 193
194: 268 194 194
195: 263 195 195
196: 196 196 26
197: 197 425 197
198: 198 198 223
199: 199 199 406
200: 13 200 200
201: 201 201 285
202: 218 202 202
203: 207 203 203
204: 463 204 204
205: 168 205 205
206: 206 335 206
207: 367 207 207
208: 208 405 208
209: 209 365 209
210: 210 18 210
211: 211 211 535
212: 212 84 212
213: 309 213 213
214: 214 214 623
215: 503 215 215
216: 216 364 216
217: 217 398 217
218: 437 218 218
219: 219 219 428
220: 220 220 186
221: 234 221 221
222: 445 222 222
223: 223 223 562
224: 312 224 224
225: 11 225 225
226: 298 226 226
227: 227 227 254
228: 426 228 228
229: 229 229 531
230: 291 230 230
231: 231 498 231
232: 232 232 358
233: 233 560 233
234: 174 234 234
235: 484 235 235
236: 236 541 236
237: 237 237 154
238: 10 238 238
239: 427 239 239
240: 127 240 240
241: 241 241 28
242: 240 242 242
243: 243 243 598
244: 244 487 244
245: 245 245 370
246: 246 184 246
247: 247 247 599
248: 248 248 366
249: 249 40 249
250: 250 57 250
251: 555 251 251
252: 252 252 247
253: 253 5 253
254: 254 254 252
255: 193 255 255
256: 256 233 256
257: 32 257 257
258: 128 258 258
259: 259 259 478
260: 260 273 260
261: 261 163 261
262: 262 321 321
263: 539 263 263
264: 264 264 566
265: 265 265 613
266: 266 266 383
267: 573 267 267
268: 624 268 268
269: 65 269 269
270: 46 270 270
271: 271 271 6
272: 556 272 272
273: 273 179 273
274: 274 396 274
275: 275 139 275
276: 242 276 276
277: 277 277 299
278: 278 146 278
279: 279 188 279
280: 280 397 280
281: 530 281 281
282: 317 282 282
283: 283 283 318
284: 284 284 199
285: 285 285 292
286: 380 286 286
287: 287 287 495
288: 288 288 23
289: 289 289 264
290: 604 290 290
291: 421 291 291
292: 292 292 435
293: 293 293 114
294: 618 294 294
295: 129 295 295
296: 319 296 296
297: 297 297 302
298: 22 298 298
299: 299 299 160
300: 116 300 300
301: 301 301 374
302: 302 302 177
303: 303 303 38
304: 505 304 304
305: 305 305 507
306: 306 106 306
307: 307 307 527
308: 308 401 308
309: 272 309 309
310: 310 87 310
311: 311 43 311
312: 595 312 312
313: 313 313 126
314: 314 409 314
315: 226 315 315
316: 316 513 316
317: 465 317 317
318: 318 318 293
319: 496 319 319
320: 320 71 320
321: 548 183 321
322: 559 322 322
323: 440 323 323
324: 324 324 470
325: 325 325 553
326: 326 326 436
327: 327 327 66
328: 328 210 328
329: 270 329 329
330: 330 330 353
331: 331 331 570
332: 332 83 332
333: 204 333 333
334: 334 334 91
335: 335 260 335
336: 336 336 72
337: 337 337 389
338: 338 338 187
339: 258 339 339
340: 340 209 340
341: 341 108 341
342: 499 342 342
343: 343 343 76
344: 344 344 509
345: 345 448 345
346: 342 346 346
347: 112 347 347
348: 467 348 348
349: 349 473 349
350: 350 152 350
351: 281 351 351
352: 455 352 352
353: 353 353 327
354: 354 354 536
355: 61 355 355
356: 356 356 343
357: 357 558 357
358: 358 358 488
359: 200 359 359
360: 360 125 360
361: 361 44 361
362: 362 332 362
363: 579 363 363
364: 364 25 364
365: 365 596 365
366: 366 366 449
367: 73 367 367
368: 315 368 368
369: 369 400 369
370: 370 370 461
371: 371 371 111
372: 64 372 372
373: 269 373 373
374: 374 374 148
375: 375 360 375
376: 376 376 629
377: 377 621 377
378: 378 378 408
379: 413 379 379
380: 2 2 380
381: 381 511 381
382: 418 382 382
383: 383 383 192
384: 384 384 500
385: 572 385 385
386: 417 386 386
387: 387 387 92
388: 388 388 214
389: 389 389 514
390: 222 390 390
391: 626 391 391
392: 392 274 392
393: 393 393 480
394: 394 423 394
395: 395 402 395
396: 396 610 396
397: 397 591 397
398: 398 278 398
399: 173 399 399
400: 400 275 400
401: 401 611 401
402: 402 550 402
403: 339 403 403
404: 404 580 404
405: 405 340 405
406: 406 406 277
407: 407 407 447
408: 408 408 468
409: 409 501 409
410: 224 410 410
411: 411 411 589
412: 7 412 412
413: 444 413 413
414: 414 414 446
415: 228 415 415
416: 416 54 416
417: 230 417 417
418: 69 418 418
419: 419 419 334
420: 420 420 307
421: 238 421 421
422: 422 422 211
423: 423 458 423
424: 424 424 420
425: 425 525 425
426: 520 426 426
427: 372 427 427
428: 428 428 237
429: 429 231 429
430: 430 600 430
431: 431 37 431
432: 110 432 432
433: 433 627 433
434: 434 93 532
435: 435 435 414
436: 436 436 90
437: 19 437 437
438: 438 249 438
439: 322 439 439
440: 575 440 440
441: 282 441 441
442: 93 442 93
443: 443 161 443
444: 323 444 444
445: 522 445 445
446: 446 446 472
447: 447 447 15
448: 448 236 448
449: 449 449 1
450: 450 450 79
451: 451 124 451
452: 452 452 16
453: 453 543 453
454: 594 454 454
455: 346 455 455
456: 456 456 344
457: 457 394 457
458: 458 506 458
459: 459 459 119
460: 460 140 460
461: 461 461 325
462: 462 462 331
463: 239 463 463
464: 399 464 464
465: 55 465 465
466: 195 466 466
467: 359 467 467
468: 468 468 220
469: 469 341 469
470: 470 470 118
471: 412 471 471
472: 472 472 297
473: 473 3 473
474: 474 246 474
475: 439 475 475
476: 52 476 476
477: 477 477 164
478: 478 478 241
479: 479 316 479
480: 480 480 378
481: 481 481 9
482: 482 490 482
483: 614 483 483
484: 286 484 484
485: 485 485 477
486: 486 497 486
487: 487 438 487
488: 488 488 265
489: 296 489 489
490: 490 261 490
491: 491 491 578
492: 492 117 492
493: 493 31 493
494: 494 492 494
495: 495 495 628
496: 583 496 496
497: 497 460 497
498: 498 182 498
499: 373 499 499
500: 500 500 459
501: 501 134 501
502: 502 502 552
503: 475 503 503
504: 504 504 305
505: 521 505 505
506: 506 153 506
507: 507 507 94
508: 508 508 283
509: 509 509 376
510: 510 60 510
511: 511 320 511
512: 512 404 512
513: 513 494 513
514: 514 514 452
515: 363 515 515
516: 454 516 516
517: 348 517 517
518: 518 349 518
519: 517 519 519
520: 549 520 520
521: 587 521 521
522: 538 522 522
523: 523 612 523
524: 524 563 524
525: 525 588 525
526: 526 526 462
527: 527 527 8
528: 528 167 528
529: 529 605 529
530: 593 530 530
531: 531 531 615
532: 532 532 388
533: 333 533 533
534: 534 98 534
535: 535 535 603
536: 536 536 29
537: 251 537 537
538: 257 538 538
539: 109 539 539
540: 172 540 540
541: 541 256 541
542: 295 542 542
543: 543 156 543
544: 96 544 544
545: 545 429 545
546: 546 546 137
547: 547 345 547
548: 300 548 548
549: 540 549 549
550: 550 375 550
551: 551 551 371
552: 552 552 138
553: 553 553 336
554: 554 554 324
555: 391 555 555
556: 537 556 556
557: 585 557 557
558: 558 113 558
559: 466 559 559
560: 560 75 560
561: 548 561 561
562: 562 562 135
563: 563 529 563
564: 564 564 597
565: 194 565 565
566: 566 566 551
567: 51 567 567
568: 565 568 568
569: 542 569 569
570: 570 570 337
571: 571 103 571
572: 67 572 572
573: 561 573 573
574: 574 574 48
575: 464 575 575
576: 225 576 576
577: 577 577 419
578: 578 578 47
579: 100 579 579
580: 580 306 580
581: 471 581 581
582: 582 582 45
583: 567 583 583
584: 489 584 584
585: 382 585 585
586: 586 21 586
587: 85 587 587
588: 588 474 588
589: 589 589 338
590: 590 493 590
591: 591 357 591
592: 592 253 592
593: 203 593 593
594: 557 594 594
595: 205 595 595
596: 596 311 596
597: 597 597 554
598: 598 598 99
599: 599 599 245
600: 600 197 600
601: 601 279 601
602: 602 328 602
603: 603 603 582
604: 121 604 604
605: 605 78 605
606: 606 524 606
607: 607 395 607
608: 608 510 608
609: 609 416 609
610: 610 308 610
611: 611 36 611
612: 612 107 612
613: 613 613 271
614: 143 614 614
615: 615 615 288
616: 616 518 616
617: 617 617 546
618: 133 618 618
619: 213 619 619
620: 620 88 620
621: 621 479 621
622: 622 622 617
623: 623 623 356
624: 368 624 624
625: 294 625 625
626: 569 626 626
627: 627 592 627
628: 628 628 176
629: 629 629 259
