90 3
0: 0 0 66
1: 1 39 1
2: 2 2 21
3: 3 20 3
4: 4 75 4
5: 35 5 5
6: 32 6 6
7: 7 7 26
8: 15 8 8
9: 9 9 10
10: 10 10 51
11: 11 36 71
12: 12 12 79
13: 42 13 13
14: 18 14 14
15: 31 15 15
16: 5 16 16
17: 17 63 17
18: 30 18 18
19: 37 19 19
20: 20 29 20
21: 21 21 76
22: 22 22 43
23: 23 84 23
24: 24 72 24
25: 34 25 25
26: 36 26 36
27: 61 27 27
28: 28 38 28
29: 29 17 29
30: 13 30 30
31: 67 67 31
32: 68 32 32
33: 35 65 33
34: 58 34 34
35: 14 35 35
36: 36 69 22
37: 27 37 37
38: 38 23 38
39: 39 83 39
40: 40 40 74
41: 41 49 41
42: 6 42 42
43: 43 43 44
44: 44 44 54
45: 19 45 45
46: 46 46 2
47: 47 59 47
48: 85 48 48
49: 49 73 49
50: 62 50 50
51: 51 51 40
52: 52 24 52
53: 53 53 7
54: 54 54 0
55: 55 55 70
56: 56 56 46
57: 57 57 55
58: 16 58 58
59: 59 3 59
60: 77 60 77
61: 25 61 61
62: 64 62 62
63: 63 33 33
64: 8 64 64
65: 65 4 65
66: 66 66 53
67: 82 67 67
68: 50 68 68
69: 67 87 69
70: 70 70 56
71: 71 71 57
72: 72 86 72
73: 73 69 69
74: 74 74 89
75: 75 52 75
76: 11 76 11
77: 77 33 12
78: 48 78 78
79: 79 79 9
80: 80 81 80
81: 81 88 81
82: 78 82 82
83: 83 28 83
84: 84 80 84
85: 45 85 85
86: 86 47 86
87: 87 1 87
88: 88 41 88
89: 89 89 60
