1386 3
0: 512 0 0
1: 12 1 1
2: 2 1134 2
3: 3 1205 3
4: 850 4 4
5: 5 5 986
6: 797 6 6
7: 7 1184 7
8: 8 8 655
9: 9 9 374
10: 731 10 10
11: 11 11 1385
12: 340 12 12
13: 13 1265 13
14: 14 14 526
15: 15 75 15
16: 16 1240 16
17: 1117 17 17
18: 18 90 18
19: 1284 19 19
20: 1141 20 20
21: 21 28 21
22: 180 22 22
23: 23 650 23
24: 24 1367 24
25: 334 25 25
26: 26 120 26
27: 27 1168 27
28: 28 1175 28
29: 1363 29 29
30: 30 505 30
31: 31 31 283
32: 32 1006 32
33: 33 33 387
34: 34 34 524
35: 35 935 35
36: 36 91 36
37: 37 37 1274
38: 1383 38 38
39: 1261 39 39
40: 40 838 40
41: 914 41 41
42: 42 952 42
43: 578 43 43
44: 1218 44 44
45: 848 45 45
46: 46 46 382
47: 483 47 47
48: 763 48 48
49: 49 49 1161
50: 614 50 50
51: 51 51 165
52: 439 52 52
53: 53 292 53
54: 203 54 54
55: 55 55 240
56: 56 56 1384
57: 57 708 57
58: 58 891 58
59: 59 1014 59
60: 60 984 60
61: 61 61 1038
62: 507 62 62
63: 63 517 63
64: 64 64 217
65: 903 65 65
66: 66 66 501
67: 67 67 971
68: 68 68 351
69: 69 196 69
70: 70 421 70
71: 71 929 71
72: 747 72 72
73: 73 73 259
74: 699 74 74
75: 75 377 75
76: 76 76 1034
77: 77 77 291
78: 78 78 648
79: 79 79 1307
80: 80 80 606
81: 81 81 464
82: 83 82 82
83: 916 83 83
84: 138 84 84
85: 85 21 85
86: 86 86 499
87: 125 87 87
88: 521 88 88
89: 54 89 89
90: 90 1233 90
91: 91 69 91
92: 92 947 92
93: 93 93 1062
94: 94 487 94
95: 529 95 95
96: 96 96 804
97: 97 1178 97
98: 98 98 602
99: 1280 99 99
100: 100 100 784
101: 101 101 592
102: 1349 102 102
103: 651 103 103
104: 616 104 104
105: 157 105 105
106: 1329 106 106
107: 107 1359 107
108: 108 108 1314
109: 188 109 109
110: 110 729 110
111: 111 408 111
112: 112 117 112
113: 231 113 113
114: 114 114 343
115: 1288 115 115
116: 116 1137 116
117: 117 988 117
118: 118 118 276
119: 119 107 119
120: 120 255 120
121: 630 121 121
122: 122 122 1028
123: 123 123 1085
124: 124 124 199
125: 368 125 125
126: 126 13 126
127: 127 127 930
128: 128 128 1182
129: 741 129 129
130: 130 130 604
131: 415 131 131
132: 1190 132 132
133: 942 133 133
134: 485 134 134
135: 135 135 631
136: 136 1044 136
137: 137 137 171
138: 785 138 138
139: 139 139 560
140: 455 140 140
141: 141 141 675
142: 473 142 142
143: 143 143 589
144: 144 317 144
145: 145 1154 145
146: 146 146 253
147: 999 147 147
148: 1169 148 148
149: 149 59 149
150: 150 525 150
151: 151 151 534
152: 835 152 152
153: 153 256 153
154: 154 943 154
155: 155 200 200
156: 1267 156 156
157: 565 157 157
158: 158 158 366
159: 1264 159 159
160: 160 1243 160
161: 1210 161 161
162: 162 215 162
163: 163 163 905
164: 164 164 307
165: 165 165 576
166: 1165 166 166
167: 167 899 167
168: 168 1043 168
169: 106 169 169
170: 528 170 170
171: 171 171 1177
172: 1046 172 172
173: 173 1106 173
174: 174 174 450
175: 175 1033 175
176: 176 416 176
177: 177 177 210
178: 1252 178 178
179: 179 179 1193
180: 1250 180 180
181: 181 181 308
182: 182 182 51
183: 183 829 183
184: 184 184 427
185: 185 185 962
186: 186 693 186
187: 285 187 187
188: 555 188 188
189: 189 478 189
190: 121 190 190
191: 191 85 191
192: 192 205 192
193: 193 1005 193
194: 194 194 55
195: 195 195 965
196: 196 970 196
197: 197 921 197
198: 198 957 198
199: 199 199 1130
200: 200 67 200
201: 201 201 880
202: 202 202 1198
203: 1037 203 203
204: 204 1162 204
205: 205 155 205
206: 1151 206 206
207: 207 207 910
208: 208 208 968
209: 1322 209 209
210: 210 210 1223
211: 840 211 211
212: 212 985 212
213: 213 212 213
214: 214 214 174
215: 215 198 215
216: 216 216 936
217: 217 217 685
218: 293 218 218
219: 1164 219 219
220: 220 220 1030
221: 221 221 1360
222: 222 1368 222
223: 223 390 223
224: 224 931 224
225: 1107 225 225
226: 414 226 226
227: 47 227 227
228: 228 538 228
229: 229 192 229
230: 230 230 1047
231: 533 231 231
232: 232 500 232
233: 233 436 233
234: 234 234 872
235: 235 617 235
236: 236 236 795
237: 237 175 237
238: 238 1248 238
239: 522 239 239
240: 240 240 754
241: 241 696 241
242: 242 1260 242
243: 841 243 243
244: 1173 244 244
245: 245 245 661
246: 246 246 1129
247: 247 247 420
248: 570 248 248
249: 249 249 1328
250: 250 803 250
251: 251 251 359
252: 252 1379 252
253: 253 253 230
254: 254 254 717
255: 255 167 255
256: 256 846 256
257: 257 269 257
258: 258 1026 258
259: 259 259 676
260: 260 260 598
261: 261 546 261
262: 262 566 262
263: 263 263 864
264: 459 264 264
265: 287 265 265
266: 680 266 266
267: 267 267 127
268: 268 344 268
269: 269 1286 269
270: 608 270 270
271: 271 1068 271
272: 272 628 272
273: 273 273 1174
274: 274 274 1357
275: 275 275 709
276: 276 276 636
277: 901 277 277
278: 278 222 278
279: 279 279 1295
280: 280 706 280
281: 281 281 1138
282: 282 250 282
283: 283 283 1217
284: 284 35 284
285: 794 285 285
286: 1278 286 286
287: 863 287 287
288: 88 288 288
289: 684 289 289
290: 290 381 290
291: 291 291 978
292: 292 955 292
293: 911 293 293
294: 294 1211 294
295: 295 295 573
296: 296 296 926
297: 297 559 297
298: 298 298 1094
299: 299 299 995
300: 300 1213 300
301: 301 301 861
302: 302 442 302
303: 1373 303 303
304: 1224 304 304
305: 305 144 305
306: 306 306 886
307: 307 307 593
308: 308 308 556
309: 309 1029 309
310: 310 1027 310
311: 1120 311 311
312: 1331 312 312
313: 313 313 1304
314: 563 314 314
315: 640 315 315
316: 316 27 316
317: 317 1157 317
318: 318 318 488
319: 319 1152 319
320: 320 71 320
321: 321 866 321
322: 733 322 322
323: 323 323 1011
324: 324 610 324
325: 325 325 953
326: 326 361 326
327: 327 327 1293
328: 328 272 328
329: 1032 329 329
330: 330 330 568
331: 331 331 251
332: 332 332 1105
333: 333 333 234
334: 38 334 334
335: 335 335 325
336: 621 336 336
337: 337 337 1371
338: 338 553 338
339: 339 339 1176
340: 142 340 340
341: 663 341 341
342: 342 342 79
343: 343 343 1086
344: 344 1101 344
345: 345 345 281
346: 346 346 34
347: 347 469 347
348: 348 1320 348
349: 349 349 579
350: 102 350 350
351: 351 351 179
352: 352 321 352
353: 353 353 96
354: 354 354 814
355: 355 355 492
356: 356 426 356
357: 103 357 357
358: 1124 358 358
359: 359 359 495
360: 360 977 360
361: 361 789 361
362: 362 1351 362
363: 363 477 363
364: 364 356 364
365: 1 365 365
366: 366 366 884
367: 367 363 367
368: 898 368 368
369: 779 369 369
370: 370 370 332
371: 371 1282 371
372: 372 372 1266
373: 373 1147 373
374: 374 374 370
375: 375 375 388
376: 376 1153 376
377: 377 1332 377
378: 62 378 378
379: 379 960 379
380: 288 380 380
381: 381 237 381
382: 382 382 301
383: 383 383 601
384: 384 554 384
385: 385 193 385
386: 386 386 1109
387: 387 387 972
388: 388 388 506
389: 389 1039 64
390: 390 594 390
391: 391 391 236
392: 392 392 249
393: 190 393 393
394: 1049 394 394
395: 304 395 395
396: 396 233 396
397: 397 1132 397
398: 398 284 398
399: 619 399 399
400: 400 771 400
401: 401 316 401
402: 402 612 402
403: 166 403 403
404: 720 404 404
405: 405 711 405
406: 406 744 406
407: 407 7 407
408: 408 297 408
409: 409 908 409
410: 105 410 410
411: 411 1365 411
412: 1063 412 412
413: 413 828 413
414: 394 414 414
415: 740 415 415
416: 416 611 416
417: 726 417 417
418: 418 496 418
419: 419 419 545
420: 420 420 839
421: 421 1344 421
422: 422 422 327
423: 423 149 423
424: 780 424 424
425: 425 768 425
426: 426 583 426
427: 427 427 753
428: 428 409 428
429: 429 1111 429
430: 564 430 430
431: 431 431 1272
432: 432 432 185
433: 433 433 1102
434: 434 282 434
435: 435 1191 1191
436: 436 401 436
437: 997 437 437
438: 438 438 1019
439: 807 439 439
440: 705 440 440
441: 441 818 441
442: 442 278 442
443: 443 443 323
444: 444 892 444
445: 445 445 143
446: 446 446 1271
447: 447 831 447
448: 448 448 1341
449: 449 1294 449
450: 450 450 1013
451: 336 451 451
452: 1310 452 452
453: 453 453 202
454: 548 454 454
455: 572 455 455
456: 456 456 1020
457: 457 457 1378
458: 458 458 504
459: 148 459 459
460: 460 460 1263
461: 549 461 461
462: 462 462 757
463: 1327 463 463
464: 464 464 1077
465: 465 465 620
466: 1342 466 466
467: 855 467 467
468: 468 468 137
469: 469 176 469
470: 470 470 267
471: 471 471 114
472: 472 58 472
473: 1298 473 473
474: 474 360 474
475: 475 475 1356
476: 476 70 476
477: 477 186 477
478: 478 599 478
479: 745 479 479
480: 1348 480 480
481: 481 1078 481
482: 879 482 482
483: 1087 483 483
484: 484 484 431
485: 697 485 485
486: 52 486 486
487: 487 806 487
488: 488 488 5
489: 1347 489 489
490: 490 338 490
491: 491 447 491
492: 492 492 644
493: 493 493 1065
494: 494 367 494
495: 495 495 667
496: 496 494 496
497: 497 1376 497
498: 1340 498 498
499: 499 499 275
500: 500 1253 500
501: 501 501 1236
502: 502 815 502
503: 4 503 503
504: 504 504 1119
505: 505 1053 505
506: 506 506 1302
507: 739 507 507
508: 508 508 1089
509: 509 635 509
510: 82 510 510
511: 511 511 263
512: 404 512 512
513: 513 320 513
514: 1183 514 514
515: 515 515 468
516: 516 801 516
517: 517 1315 517
518: 1245 518 518
519: 519 660 519
520: 520 520 1061
521: 808 521 521
522: 365 522 522
523: 403 523 523
524: 524 524 883
525: 525 792 525
526: 526 526 730
527: 527 527 1171
528: 99 528 528
529: 129 529 529
530: 209 530 530
531: 1305 531 531
532: 893 532 532
533: 786 533 533
534: 534 534 508
535: 918 535 535
536: 1098 536 536
537: 781 537 537
538: 538 1270 538
539: 539 539 623
540: 540 2 540
541: 591 541 541
542: 542 542 939
543: 543 543 760
544: 948 544 544
545: 545 545 177
546: 546 694 546
547: 547 547 31
548: 6 548 548
549: 776 549 549
550: 550 799 550
551: 1201 551 551
552: 1312 552 552
553: 553 42 553
554: 554 238 554
555: 227 555 555
556: 556 556 951
557: 732 557 557
558: 558 558 641
559: 559 1100 559
560: 560 560 448
561: 845 561 561
562: 562 562 724
563: 1092 563 563
564: 906 564 564
565: 932 565 565
566: 566 271 566
567: 567 224 567
568: 568 568 339
569: 311 569 569
570: 1133 570 570
571: 551 571 571
572: 557 572 572
573: 573 573 419
574: 389 574 389
575: 575 575 335
576: 576 576 649
577: 577 577 843
578: 639 578 578
579: 579 579 542
580: 618 580 580
581: 581 1251 581
582: 582 582 122
583: 583 712 583
584: 440 584 584
585: 67 585 67
586: 580 586 586
587: 692 587 587
588: 588 1093 588
589: 589 589 728
590: 590 162 590
591: 743 591 591
592: 592 592 1330
593: 593 593 98
594: 594 1306 594
595: 595 595 446
596: 156 596 596
597: 597 597 128
598: 598 598 624
599: 599 869 599
600: 600 150 600
601: 601 601 1140
602: 602 602 86
603: 603 603 1127
604: 604 604 527
605: 605 605 254
606: 606 606 8
607: 607 294 607
608: 973 608 608
609: 609 97 609
610: 610 497 610
611: 611 736 611
612: 612 385 612
613: 393 613 613
614: 357 614 614
615: 615 615 547
616: 159 616 616
617: 617 550 617
618: 994 618 618
619: 369 619 619
620: 620 620 615
621: 700 621 621
622: 622 622 135
623: 623 623 73
624: 624 624 214
625: 787 625 625
626: 626 1021 626
627: 627 1126 627
628: 628 852 628
629: 981 629 629
630: 147 630 630
631: 631 631 1200
632: 632 632 9
633: 1150 633 633
634: 634 116 634
635: 635 305 635
636: 636 636 78
637: 637 832 637
638: 638 638 678
639: 1355 639 639
640: 996 640 640
641: 641 641 273
642: 889 642 642
643: 643 934 643
644: 644 644 422
645: 645 183 645
646: 646 718 646
647: 647 647 313
648: 648 648 195
649: 649 649 1273
650: 650 1067 650
651: 19 651 651
652: 652 491 652
653: 653 645 653
654: 654 1222 654
655: 655 655 885
656: 656 871 656
657: 350 657 657
658: 658 658 734
659: 659 659 333
660: 660 154 660
661: 661 661 859
662: 662 637 662
663: 778 663 663
664: 541 664 664
665: 410 665 665
666: 378 666 666
667: 667 667 946
668: 412 668 668
669: 669 959 669
670: 670 326 670
671: 671 671 1343
672: 1181 672 672
673: 673 373 673
674: 452 674 674
675: 675 675 458
676: 676 676 1170
677: 677 677 1058
678: 678 678 1296
679: 679 1374 679
680: 881 680 680
681: 681 379 681
682: 1283 682 682
683: 683 1099 683
684: 1254 684 684
685: 685 685 812
686: 686 686 1316
687: 687 774 687
688: 688 688 1339
689: 689 1166 689
690: 690 656 690
691: 1337 691 691
692: 1149 692 692
693: 693 60 693
694: 694 567 694
695: 695 722 695
696: 696 1372 696
697: 1104 697 697
698: 698 698 769
699: 341 699 699
700: 1003 700 700
701: 701 1318 701
702: 702 702 821
703: 703 173 703
704: 704 704 1199
705: 919 705 705
706: 706 364 706
707: 707 707 858
708: 708 1216 708
709: 709 709 773
710: 1300 710 710
711: 711 1081 711
712: 712 1234 712
713: 865 713 713
714: 714 643 714
715: 715 428 715
716: 115 716 716
717: 717 717 851
718: 718 490 718
719: 1335 719 719
720: 877 720 720
721: 89 721 721
722: 722 1369 722
723: 552 723 723
724: 724 724 1004
725: 134 725 725
726: 790 726 726
727: 727 727 1246
728: 728 728 976
729: 729 683 729
730: 730 730 770
731: 725 731 731
732: 537 732 732
733: 765 733 733
734: 734 734 1076
735: 735 191 735
736: 736 229 736
737: 17 737 737
738: 738 540 738
739: 958 739 739
740: 1136 740 740
741: 417 741 741
742: 742 223 742
743: 1301 743 743
744: 744 1050 744
745: 1323 745 745
746: 746 746 318
747: 322 747 747
748: 748 481 748
749: 749 927 749
750: 750 1257 750
751: 751 607 751
752: 923 752 752
753: 753 753 989
754: 754 754 759
755: 755 1275 755
756: 169 756 756
757: 757 757 543
758: 758 1206 758
759: 759 759 433
760: 760 760 1279
761: 761 761 853
762: 762 1123 762
763: 1079 763 763
764: 218 764 764
765: 723 765 765
766: 766 766 80
767: 767 767 582
768: 768 352 768
769: 769 769 677
770: 770 770 1227
771: 771 895 771
772: 791 772 772
773: 773 773 158
774: 774 302 774
775: 674 775 775
776: 1042 776 776
777: 777 168 777
778: 1048 778 778
779: 132 779 779
780: 74 780 780
781: 1352 781 781
782: 782 397 782
783: 783 126 783
784: 784 784 151
785: 1221 785 785
786: 1235 786 786
787: 1018 787 787
788: 596 788 788
789: 789 1016 789
790: 424 790 790
791: 967 791 791
792: 792 609 792
793: 862 793 793
794: 966 794 794
795: 795 795 1297
796: 219 796 796
797: 498 797 797
798: 798 798 890
799: 799 777 799
800: 1008 800 800
801: 801 1074 801
802: 569 802 802
803: 803 1242 803
804: 804 804 1135
805: 805 689 805
806: 806 750 806
807: 882 807 807
808: 1189 808 808
809: 1072 809 809
810: 810 444 810
811: 523 811 811
812: 812 812 767
813: 480 813 813
814: 814 814 823
815: 815 1167 815
816: 816 816 68
817: 817 1070 817
818: 818 405 818
819: 463 819 819
820: 613 820 820
821: 821 821 163
822: 822 822 77
823: 823 823 1321
824: 286 824 824
825: 928 825 825
826: 1354 826 826
827: 827 827 1370
828: 828 669 828
829: 829 748 829
830: 1064 830 830
831: 831 701 831
832: 832 153 832
833: 833 833 577
834: 834 1290 834
835: 1115 835 835
836: 836 1249 836
837: 666 837 837
838: 838 429 838
839: 839 839 686
840: 1244 840 840
841: 84 841 841
842: 842 842 353
843: 843 843 245
844: 844 30 844
845: 243 845 845
846: 846 1214 846
847: 847 847 354
848: 1364 848 848
849: 849 590 849
850: 380 850 850
851: 851 851 471
852: 852 261 852
853: 853 853 345
854: 854 854 993
855: 737 855 855
856: 856 24 856
857: 109 857 857
858: 858 858 842
859: 859 859 902
860: 530 860 860
861: 1039 861 1039
862: 887 862 862
863: 358 863 863
864: 864 864 1110
865: 657 865 865
866: 866 204 866
867: 867 867 470
868: 437 868 868
869: 869 476 869
870: 466 870 870
871: 871 1319 871
872: 872 872 987
873: 716 873 873
874: 874 874 658
875: 875 714 875
876: 876 876 260
877: 270 877 877
878: 672 878 878
879: 561 879 879
880: 880 880 1219
881: 870 881 881
882: 1194 882 882
883: 883 883 920
884: 884 884 798
885: 885 885 220
886: 886 886 76
887: 1155 887 887
888: 888 441 888
889: 510 889 889
890: 890 890 874
891: 891 413 891
892: 892 63 892
893: 1269 893 893
894: 894 894 515
895: 895 751 895
896: 642 896 896
897: 587 897 897
898: 1091 898 898
899: 899 626 899
900: 900 900 603
901: 22 901 901
902: 902 902 221
903: 949 903 903
904: 904 904 279
905: 905 905 331
906: 1069 906 906
907: 907 907 443
908: 908 435 908
909: 909 909 975
910: 910 910 465
911: 1229 911 911
912: 912 912 246
913: 913 213 913
914: 248 914 914
915: 915 16 915
916: 1075 916 916
917: 917 817 917
918: 1055 918 918
919: 1196 919 919
920: 920 920 49
921: 921 406 921
922: 922 922 1225
923: 788 923 923
924: 924 687 924
925: 925 189 925
926: 926 926 562
927: 927 679 927
928: 710 928 928
929: 929 940 929
930: 930 930 453
931: 931 1144 931
932: 187 932 932
933: 933 933 201
934: 934 423 934
935: 935 742 935
936: 936 936 1358
937: 937 1090 937
938: 172 938 938
939: 939 939 867
940: 940 516 940
941: 941 1125 941
942: 868 942 942
943: 943 581 943
944: 44 944 944
945: 945 945 1103
946: 946 946 1097
947: 947 703 947
948: 104 948 948
949: 303 949 949
950: 950 324 950
951: 951 951 1179
952: 952 654 952
953: 953 953 1052
954: 938 954 954
955: 955 888 955
956: 956 956 184
957: 957 232 957
958: 1187 958 958
959: 959 856 959
960: 960 1208 960
961: 961 961 462
962: 962 962 847
963: 963 963 118
964: 964 300 964
965: 965 965 1095
966: 1059 966 966
967: 857 967 967
968: 968 968 707
969: 969 969 392
970: 970 1015 970
971: 971 971 1255
972: 972 972 597
973: 43 973 973
974: 974 111 974
975: 975 975 1309
976: 976 976 46
977: 977 1156 977
978: 978 978 1268
979: 824 979 979
980: 980 924 980
981: 454 981 981
982: 982 982 33
983: 1336 983 983
984: 984 472 984
985: 985 937 985
986: 986 986 81
987: 987 987 493
988: 988 1195 988
989: 989 989 1188
990: 990 990 37
991: 1191 991 991
992: 992 992 1215
993: 993 993 816
994: 170 994 994
995: 995 995 822
996: 312 996 996
997: 25 997 997
998: 998 998 295
999: 682 999 999
1000: 1000 502 1000
1001: 0 1001 1001
1002: 1002 1002 337
1003: 1057 1003 1003
1004: 1004 1004 391
1005: 1005 925 1005
1006: 1006 1142 1006
1007: 811 1007 1007
1008: 896 1008 1008
1009: 1009 1009 101
1010: 1010 1010 194
1011: 1011 1011 894
1012: 1346 1012 1012
1013: 1013 1013 907
1014: 1014 600 1014
1015: 1015 519 1015
1016: 1016 1258 1016
1017: 1017 1017 585
1018: 239 1018 1018
1019: 1019 1019 383
1020: 1020 1020 727
1021: 1021 57 1021
1022: 486 1022 1022
1023: 1023 1121 1023
1024: 625 1024 1024
1025: 314 1025 1025
1026: 1026 110 1026
1027: 1027 228 1027
1028: 1028 1028 181
1029: 1029 319 1029
1030: 1030 1030 1292
1031: 1031 1031 671
1032: 277 1032 1032
1033: 1033 652 1033
1034: 1034 1034 1247
1035: 1238 1035 1035
1036: 1036 40 1036
1037: 1012 1037 1037
1038: 1038 1038 298
1039: 1039 1039 854
1040: 1035 1040 1040
1041: 1041 1080 1041
1042: 721 1042 1042
1043: 1043 1051 1043
1044: 1044 783 1044
1045: 1045 1277 1045
1046: 873 1046 1046
1047: 1047 1047 1186
1048: 772 1048 1048
1049: 1083 1049 1049
1050: 1050 1381 1050
1051: 1051 1361 1051
1052: 1052 1052 93
1053: 1053 980 1053
1054: 1054 1326 1054
1055: 775 1055 1055
1056: 1056 1056 372
1057: 544 1057 1057
1058: 1058 1058 349
1059: 1088 1059 1059
1060: 1060 280 1060
1061: 1061 1061 1197
1062: 1062 1062 1002
1063: 45 1063 1063
1064: 764 1064 1064
1065: 1065 1065 1203
1066: 211 1066 1066
1067: 1067 1139 1067
1068: 1068 53 1068
1069: 1303 1069 1069
1070: 1070 119 1070
1071: 1071 1071 746
1072: 467 1072 1072
1073: 802 1073 1073
1074: 1074 915 1074
1075: 10 1075 1075
1076: 1076 1076 299
1077: 1077 1077 876
1078: 1078 627 1078
1079: 65 1079 1079
1080: 1080 1324 1080
1081: 1081 1276 1081
1082: 395 1082 1082
1083: 29 1083 1083
1084: 1084 1045 1084
1085: 1085 1085 963
1086: 1086 1086 207
1087: 1066 1087 1087
1088: 503 1088 1088
1089: 1089 1089 1239
1090: 1090 242 1090
1091: 1353 1091 1091
1092: 954 1092 1092
1093: 1093 1350 1093
1094: 1094 1094 11
1095: 1095 1095 558
1096: 1308 1096 1096
1097: 1097 1097 130
1098: 451 1098 1098
1099: 1099 145 1099
1100: 1100 670 1100
1101: 1101 348 1101
1102: 1102 1102 539
1103: 1103 1103 990
1104: 796 1104 1104
1105: 1105 1105 766
1106: 1106 1291 1106
1107: 809 1107 1107
1108: 1108 1114 1108
1109: 1109 1109 146
1110: 1110 1110 956
1111: 1111 695 1111
1112: 991 991 1112
1113: 1113 309 1113
1114: 1114 634 1114
1115: 518 1115 1115
1116: 1116 1116 457
1117: 1096 1117 1117
1118: 1118 1118 998
1119: 1119 1119 1118
1120: 50 1120 1120
1121: 1121 18 1121
1122: 1122 875 1122
1123: 1123 844 1123
1124: 1345 1124 1124
1125: 1125 23 1125
1126: 1126 371 1126
1127: 1127 1127 904
1128: 1158 1128 1128
1129: 1129 1129 632
1130: 1130 1130 460
1131: 48 1131 1131
1132: 1132 36 1132
1133: 586 1133 1133
1134: 1134 15 1134
1135: 1135 1135 1262
1136: 584 1136 1136
1137: 1137 1054 1137
1138: 1138 1138 833
1139: 1139 396 1139
1140: 1140 1140 982
1141: 315 1141 1141
1142: 1142 1362 1142
1143: 1313 1143 1143
1144: 1144 1041 1144
1145: 1145 1145 827
1146: 178 1146 1146
1147: 1147 1000 1147
1148: 1148 1148 216
1149: 800 1149 1149
1150: 571 1150 1150
1151: 39 1151 1151
1152: 1152 1334 1152
1153: 1153 26 1153
1154: 1154 509 1154
1155: 266 1155 1155
1156: 1156 290 1156
1157: 1157 1333 1157
1158: 691 1158 1158
1159: 1159 1159 182
1160: 1160 1160 1159
1161: 1161 1161 1285
1162: 1162 913 1162
1163: 152 1163 1163
1164: 1259 1164 1164
1165: 819 1165 1165
1166: 1166 735 1166
1167: 1167 258 1167
1168: 1168 418 1168
1169: 944 1169 1169
1170: 1170 1170 647
1171: 1171 1171 933
1172: 1172 1172 1226
1173: 514 1173 1173
1174: 1174 1174 900
1175: 1175 384 1175
1176: 1176 1176 704
1177: 1177 1177 1009
1178: 1178 1023 1178
1179: 1179 1179 1237
1180: 1207 1180 1180
1181: 1143 1181 1181
1182: 1182 1182 638
1183: 897 1183 1183
1184: 1184 112 1184
1185: 1185 1185 296
1186: 1186 1186 139
1187: 1382 1187 1187
1188: 1188 1188 1241
1189: 265 1189 1189
1190: 1289 1190 1190
1191: 1191 389 1191
1192: 1192 347 1192
1193: 1193 1193 66
1194: 820 1194 1194
1195: 1195 262 1195
1196: 813 1196 1196
1197: 1197 1197 595
1198: 1198 1198 622
1199: 1199 1199 922
1200: 1200 1200 1231
1201: 830 1201 1201
1202: 1202 197 1202
1203: 1203 1203 761
1204: 1204 1204 306
1205: 1205 1060 1205
1206: 1206 836 1206
1207: 719 1207 1207
1208: 1208 1084 1208
1209: 1209 1209 375
1210: 399 1210 1210
1211: 1211 758 1211
1212: 1212 834 1212
1213: 1213 738 1213
1214: 1214 974 1214
1215: 1215 1215 438
1216: 1216 749 1216
1217: 1217 1217 124
1218: 226 1218 1218
1219: 1219 1219 1228
1220: 1220 1220 659
1221: 979 1221 1221
1222: 1222 1366 1222
1223: 1223 1223 1299
1224: 756 1224 1224
1225: 1225 1225 1160
1226: 1226 1226 1031
1227: 1227 1227 330
1228: 1228 1228 520
1229: 1040 1229 1229
1230: 140 1230 1230
1231: 1231 1231 445
1232: 1232 92 1232
1233: 1233 1202 1233
1234: 1234 1232 1234
1235: 535 1235 1235
1236: 1236 1236 969
1237: 1237 1237 702
1238: 225 1238 1238
1239: 1239 1239 605
1240: 1240 1108 1240
1241: 1241 1241 164
1242: 1242 1212 1242
1243: 1243 715 1243
1244: 1112 1244 1244
1245: 983 1245 1245
1246: 1246 1246 1185
1247: 1247 1247 688
1248: 1248 588 1248
1249: 1249 1192 1249
1250: 430 1250 1250
1251: 1251 402 1251
1252: 113 1252 1252
1253: 1253 407 1253
1254: 161 1254 1254
1255: 1255 1255 575
1256: 1256 1256 1148
1257: 1257 32 1257
1258: 1258 434 1258
1259: 1025 1259 1259
1260: 1260 411 1260
1261: 264 1261 1261
1262: 1262 1262 1256
1263: 1263 1263 432
1264: 531 1264 1264
1265: 1265 513 1265
1266: 1266 1266 1204
1267: 329 1267 1267
1268: 1268 1268 992
1269: 131 1269 1269
1270: 1270 449 1270
1271: 1271 1271 108
1272: 1272 1272 61
1273: 1273 1273 1010
1274: 1274 1274 56
1275: 1275 268 1275
1276: 1276 362 1276
1277: 1277 1380 1277
1278: 461 1278 1278
1279: 1279 1279 1116
1280: 72 1280 1280
1281: 1281 690 1281
1282: 1282 328 1282
1283: 482 1283 1283
1284: 825 1284 1284
1285: 1285 1285 247
1286: 1286 653 1286
1287: 536 1287 1287
1288: 1082 1288 1288
1289: 668 1289 1289
1290: 1290 160 1290
1291: 1291 425 1291
1292: 1292 1292 698
1293: 1293 1293 1145
1294: 1294 782 1294
1295: 1295 1295 484
1296: 1296 1296 912
1297: 1297 1297 346
1298: 793 1298 1298
1299: 1299 1299 1209
1300: 489 1300 1300
1301: 95 1301 1301
1302: 1302 1302 1017
1303: 664 1303 1303
1304: 1304 1304 123
1305: 133 1305 1305
1306: 1306 755 1306
1307: 1307 1307 14
1308: 87 1308 1308
1309: 1309 1309 274
1310: 1377 1310 1310
1311: 1311 1311 1220
1312: 200 1312 1312
1313: 1024 1313 1313
1314: 1314 1314 456
1315: 1315 849 1315
1316: 1316 1316 386
1317: 1317 1317 909
1318: 1318 1281 1318
1319: 1319 681 1319
1320: 1320 235 1320
1321: 1321 1321 511
1322: 1325 1322 1322
1323: 826 1323 1323
1324: 1324 376 1324
1325: 1073 1325 1325
1326: 1326 964 1326
1327: 1001 1327 1327
1328: 1328 1328 100
1329: 1180 1329 1329
1330: 1330 1330 141
1331: 1022 1331 1331
1332: 1332 241 1332
1333: 1333 398 1333
1334: 1334 673 1334
1335: 860 1335 1335
1336: 206 1336 1336
1337: 713 1337 1337
1338: 1338 1338 1071
1339: 1339 1339 342
1340: 1287 1340 1340
1341: 1341 1341 1317
1342: 665 1342 1342
1343: 1343 1343 1056
1344: 1344 94 1344
1345: 289 1345 1345
1346: 1163 1346 1346
1347: 532 1347 1347
1348: 20 1348 1348
1349: 1230 1349 1349
1350: 1350 917 1350
1351: 1351 400 1351
1352: 1131 1352 1352
1353: 752 1353 1353
1354: 1007 1354 1354
1355: 244 1355 1355
1356: 1356 1356 945
1357: 1357 1357 475
1358: 1358 1358 574
1359: 1359 474 1359
1360: 1360 1360 208
1361: 1361 1036 1361
1362: 1362 1113 1362
1363: 1146 1363 1363
1364: 629 1364 1364
1365: 1365 805 1365
1366: 1366 1122 1366
1367: 1367 252 1367
1368: 1368 257 1368
1369: 1369 3 1369
1370: 1370 1370 1311
1371: 1371 1371 1172
1372: 1372 810 1372
1373: 837 1373 1373
1374: 1374 136 1374
1375: 41 1375 1375
1376: 1376 662 1376
1377: 1375 1377 1377
1378: 1378 1378 355
1379: 1379 762 1379
1380: 1380 950 1380
1381: 1381 941 1381
1382: 633 1382 1382
1383: 1128 1383 1383
1384: 1384 1384 961
1385: 1385 1385 1338
