630 3
0: 0 0 20
1: 1 144 1
2: 346 2 2
3: 3 195 3
4: 4 32 4
5: 5 5 294
6: 6 6 540
7: 7 515 7
8: 8 8 54
9: 78 9 9
10: 10 471 10
11: 11 501 11
12: 12 26 12
13: 13 411 13
14: 185 14 14
15: 15 15 101
16: 417 16 16
17: 17 67 17
18: 550 18 18
19: 19 19 296
20: 20 20 475
21: 21 264 21
22: 143 22 22
23: 589 23 23
24: 568 24 24
25: 25 428 25
26: 26 241 26
27: 318 27 27
28: 28 28 204
29: 29 599 29
30: 539 30 30
31: 226 31 31
32: 32 313 32
33: 33 33 19
34: 570 34 34
35: 35 35 396
36: 484 36 36
37: 37 37 486
38: 38 38 140
39: 39 427 39
40: 40 40 119
41: 83 41 41
42: 42 42 383
43: 43 220 43
44: 44 44 63
45: 45 45 8
46: 384 46 46
47: 261 47 47
48: 412 48 48
49: 49 49 309
50: 50 50 335
51: 51 51 274
52: 52 108 52
53: 230 53 53
54: 54 54 77
55: 55 52 55
56: 449 56 56
57: 57 106 57
58: 58 214 58
59: 59 110 59
60: 60 60 192
61: 61 61 291
62: 62 339 62
63: 63 63 558
64: 64 64 497
65: 65 65 458
66: 66 552 66
67: 67 186 67
68: 146 68 68
69: 69 473 69
70: 112 70 70
71: 71 71 618
72: 72 616 72
73: 73 73 232
74: 74 84 74
75: 75 388 75
76: 76 76 414
77: 134 77 134
78: 472 78 78
79: 16 79 79
80: 80 72 80
81: 81 477 81
82: 82 545 82
83: 524 83 83
84: 84 529 84
85: 85 85 324
86: 86 465 86
87: 617 87 87
88: 88 500 88
89: 404 89 89
90: 90 513 90
91: 538 91 91
92: 36 92 92
93: 93 93 97
94: 613 94 94
95: 356 95 95
96: 96 177 96
97: 97 97 133
98: 98 98 527
99: 99 99 234
100: 100 100 620
101: 101 101 60
102: 102 565 102
103: 103 103 263
104: 104 104 304
105: 105 364 105
106: 106 506 106
107: 107 107 222
108: 108 488 108
109: 336 109 109
110: 110 39 110
111: 188 111 111
112: 56 112 112
113: 113 147 113
114: 525 114 114
115: 423 115 115
116: 116 160 116
117: 609 117 117
118: 118 82 118
119: 119 119 359
120: 120 569 120
121: 121 262 121
122: 122 122 280
123: 123 293 123
124: 124 21 124
125: 125 125 482
126: 126 448 126
127: 520 127 127
128: 128 128 164
129: 221 129 129
130: 130 541 130
131: 622 131 131
132: 420 132 132
133: 133 133 217
134: 134 134 446
135: 135 333 135
136: 136 136 625
137: 271 271 137
138: 14 138 138
139: 139 139 248
140: 140 140 369
141: 542 141 141
142: 142 142 170
143: 629 143 143
144: 144 455 144
145: 145 145 499
146: 201 146 146
147: 147 578 147
148: 148 470 148
149: 379 149 149
150: 586 150 150
151: 151 555 151
152: 345 152 152
153: 153 153 213
154: 154 531 406
155: 387 155 155
156: 553 156 156
157: 496 157 157
158: 158 148 158
159: 159 159 107
160: 160 289 160
161: 79 161 161
162: 162 162 272
163: 68 163 163
164: 164 164 50
165: 172 165 165
166: 166 166 478
167: 149 167 167
168: 532 168 168
169: 169 169 575
170: 170 170 235
171: 171 171 511
172: 95 172 172
173: 173 173 305
174: 174 3 174
175: 175 55 175
176: 176 374 176
177: 177 245 177
178: 178 29 178
179: 179 179 61
180: 180 459 180
181: 181 181 561
182: 595 182 182
183: 183 121 183
184: 460 184 184
185: 357 185 185
186: 186 431 186
187: 155 187 187
188: 526 188 188
189: 31 189 189
190: 190 338 190
191: 191 191 266
192: 192 192 421
193: 193 193 464
194: 194 452 194
195: 195 483 195
196: 196 196 564
197: 398 197 197
198: 198 534 198
199: 30 199 199
200: 200 377 200
201: 182 201 201
202: 256 202 202
203: 203 203 210
204: 204 204 65
205: 115 205 205
206: 206 206 300
207: 207 343 207
208: 168 208 208
209: 209 371 209
210: 210 210 139
211: 321 211 211
212: 131 212 212
213: 213 213 352
214: 214 468 214
215: 215 12 215
216: 216 216 166
217: 217 217 443
218: 218 218 602
219: 219 219 303
220: 220 517 220
221: 453 221 221
222: 222 222 236
223: 199 223 223
224: 224 268 224
225: 225 11 225
226: 226 134 226
227: 531 227 531
228: 167 228 228
229: 229 229 279
230: 422 230 230
231: 231 231 393
232: 232 232 125
233: 233 233 530
234: 234 234 361
235: 235 235 373
236: 236 236 219
237: 237 116 237
238: 238 176 238
239: 239 283 239
240: 391 240 240
241: 241 312 241
242: 34 242 242
243: 243 243 546
244: 244 75 244
245: 245 559 245
246: 376 246 246
247: 208 247 247
248: 248 248 193
249: 439 249 249
250: 250 250 71
251: 251 251 171
252: 252 58 252
253: 253 253 606
254: 350 254 254
255: 255 17 255
256: 334 256 256
257: 257 86 257
258: 258 102 258
259: 259 442 259
260: 260 344 260
261: 403 261 261
262: 262 25 262
263: 263 263 76
264: 264 604 264
265: 619 265 265
266: 266 266 273
267: 70 267 267
268: 268 467 268
269: 269 7 269
270: 270 581 270
271: 476 271 271
272: 272 272 275
273: 273 273 142
274: 274 274 169
275: 275 275 85
276: 276 276 51
277: 277 239 277
278: 278 278 93
279: 279 279 28
280: 280 280 461
281: 509 281 281
282: 282 183 282
283: 283 282 283
284: 284 551 284
285: 285 367 285
286: 137 286 286
287: 287 337 287
288: 288 288 610
289: 289 579 289
290: 290 269 290
291: 291 291 191
292: 292 292 288
293: 293 209 293
294: 294 294 104
295: 394 295 295
296: 296 296 314
297: 297 297 566
298: 298 605 298
299: 299 623 299
300: 300 300 583
301: 301 301 479
302: 307 302 302
303: 303 303 145
304: 304 304 251
305: 305 305 416
306: 528 306 306
307: 197 307 307
308: 330 308 308
309: 309 309 0
310: 310 585 310
311: 311 311 405
312: 312 299 312
313: 313 258 313
314: 314 314 38
315: 315 429 315
316: 316 492 316
317: 317 317 426
318: 608 318 318
319: 228 319 319
320: 326 320 320
321: 612 321 321
322: 184 322 322
323: 295 323 323
324: 324 324 317
325: 325 325 73
326: 265 326 326
327: 327 198 327
328: 456 328 328
329: 329 329 6
330: 306 330 330
331: 490 331 331
332: 332 332 430
333: 333 4 333
334: 601 334 334
335: 335 335 45
336: 382 336 336
337: 337 105 337
338: 338 441 338
339: 339 594 339
340: 340 340 597
341: 320 341 341
342: 342 593 342
343: 343 596 343
344: 344 257 344
345: 510 345 345
346: 582 346 346
347: 347 347 607
348: 348 348 292
349: 349 349 329
350: 281 350 350
351: 389 351 351
352: 352 352 588
353: 353 59 353
354: 354 536 354
355: 211 355 355
356: 328 356 356
357: 533 357 357
358: 358 224 358
359: 359 359 562
360: 111 360 360
361: 361 361 40
362: 362 290 362
363: 363 363 386
364: 364 62 364
365: 365 10 365
366: 366 366 340
367: 367 362 367
368: 368 368 466
369: 369 369 514
370: 370 370 611
371: 371 615 371
372: 205 372 372
373: 373 373 474
374: 374 130 374
375: 247 375 375
376: 491 376 376
377: 377 409 377
378: 378 96 378
379: 592 379 379
380: 380 380 35
381: 381 381 278
382: 156 382 382
383: 383 383 100
384: 521 384 384
385: 503 385 385
386: 386 386 153
387: 395 387 387
388: 388 225 388
389: 46 389 389
390: 323 390 390
391: 580 391 391
392: 341 392 392
393: 393 393 408
394: 138 394 394
395: 27 395 395
396: 396 396 253
397: 127 397 397
398: 129 398 398
399: 399 434 399
400: 400 400 591
401: 407 401 401
402: 402 402 366
403: 571 403 403
404: 624 404 404
405: 405 405 450
406: 406 406 419
407: 390 407 407
408: 408 408 522
409: 409 120 409
410: 410 410 276
411: 411 507 411
412: 254 412 412
413: 351 413 413
414: 414 414 128
415: 117 415 415
416: 416 416 179
417: 41 417 417
418: 418 463 418
419: 419 419 311
420: 415 420 420
421: 421 421 162
422: 435 422 422
423: 598 423 423
424: 424 424 297
425: 425 425 37
426: 426 426 49
427: 427 69 427
428: 428 365 428
429: 429 215 429
430: 430 430 64
431: 431 603 431
432: 614 432 432
433: 433 433 444
434: 434 113 434
435: 163 435 435
436: 372 436 436
437: 114 437 437
438: 438 438 196
439: 495 439 439
440: 440 57 440
441: 441 493 441
442: 442 378 442
443: 443 443 535
444: 444 444 600
445: 445 445 349
446: 446 446 203
447: 447 447 348
448: 448 298 448
449: 109 449 449
450: 450 450 433
451: 322 451 451
452: 452 207 452
453: 89 453 453
454: 454 549 454
455: 455 315 455
456: 567 456 456
457: 457 285 457
458: 458 458 98
459: 459 587 459
460: 189 460 460
461: 461 461 548
462: 462 244 462
463: 463 354 463
464: 464 464 363
465: 465 237 465
466: 466 466 438
467: 467 66 467
468: 468 74 468
469: 469 469 424
470: 470 476 476
471: 471 123 471
472: 249 472 472
473: 473 124 473
474: 474 474 402
475: 475 475 181
476: 476 154 476
477: 477 260 477
478: 478 478 173
479: 479 479 380
480: 385 480 480
481: 481 481 332
482: 482 482 410
483: 483 158 483
484: 2 484 484
485: 302 485 485
486: 486 486 229
487: 487 487 400
488: 488 80 488
489: 489 498 489
490: 556 490 490
491: 451 491 491
492: 492 1 492
493: 493 126 493
494: 53 494 494
495: 132 495 495
496: 375 496 496
497: 497 497 122
498: 498 563 498
499: 499 499 216
500: 500 252 500
501: 501 537 501
502: 502 505 502
503: 516 503 503
504: 392 504 504
505: 505 327 505
506: 506 178 506
507: 507 353 507
508: 508 462 508
509: 557 509 509
510: 572 510 510
511: 511 511 99
512: 512 90 512
513: 513 554 513
514: 514 514 445
515: 515 310 515
516: 91 516 516
517: 517 226 226
518: 494 518 518
519: 519 238 519
520: 485 520 520
521: 308 521 521
522: 522 522 621
523: 576 523 523
524: 547 524 524
525: 152 525 525
526: 47 526 526
527: 527 527 577
528: 397 528 528
529: 529 316 529
530: 530 530 447
531: 531 531 218
532: 523 532 532
533: 187 533 533
534: 534 584 534
535: 535 535 347
536: 536 358 536
537: 537 284 537
538: 543 538 538
539: 480 539 539
540: 540 540 136
541: 541 259 541
542: 94 542 542
543: 23 543 543
544: 544 174 544
545: 545 287 545
546: 546 546 231
547: 212 547 547
548: 548 548 425
549: 549 502 549
550: 242 550 550
551: 551 489 551
552: 552 175 552
553: 355 553 553
554: 554 180 554
555: 555 440 555
556: 141 556 556
557: 9 557 557
558: 558 558 481
559: 559 194 559
560: 331 560 560
561: 561 561 381
562: 562 562 368
563: 563 573 563
564: 564 564 42
565: 565 418 565
566: 566 566 206
567: 413 567 567
568: 22 568 568
569: 569 457 569
570: 267 570 570
571: 240 571 571
572: 150 572 572
573: 573 190 573
574: 574 574 44
575: 575 575 243
576: 161 576 576
577: 577 577 301
578: 578 270 578
579: 579 519 579
580: 157 580 580
581: 581 544 581
582: 360 582 582
583: 583 583 33
584: 584 508 584
585: 585 255 585
586: 319 586 586
587: 587 342 587
588: 588 588 250
589: 432 589 589
590: 590 590 469
591: 591 591 626
592: 202 592 592
593: 593 135 593
594: 594 200 594
595: 92 595 595
596: 596 277 596
597: 597 597 574
598: 627 598 598
599: 599 13 599
600: 600 600 159
601: 286 601 601
602: 602 602 15
603: 603 151 603
604: 604 43 604
605: 605 88 605
606: 154 606 154
607: 607 607 628
608: 437 608 608
609: 504 609 609
610: 610 610 487
611: 611 611 5
612: 560 612 612
613: 24 613 613
614: 246 614 614
615: 615 118 615
616: 616 454 616
617: 18 617 617
618: 618 618 325
619: 436 619 619
620: 620 620 227
621: 621 621 590
622: 223 622 622
623: 623 399 623
624: 87 624 624
625: 625 625 103
626: 626 626 370
627: 518 627 627
628: 628 628 233
629: 401 629 629
