630 3
0: 0 0 471
1: 1 288 1
2: 579 2 2
3: 3 3 308
4: 409 4 4
5: 435 5 5
6: 94 6 6
7: 7 7 617
8: 582 8 8
9: 9 463 9
10: 10 574 10
11: 11 11 324
12: 620 12 12
13: 139 13 13
14: 265 14 14
15: 15 71 15
16: 16 461 16
17: 17 431 17
18: 18 18 212
19: 417 19 19
20: 20 9 20
21: 208 21 21
22: 234 22 22
23: 23 23 123
24: 24 483 24
25: 25 25 307
26: 26 26 313
27: 126 27 27
28: 80 28 28
29: 29 605 29
30: 30 491 30
31: 31 110 31
32: 12 32 32
33: 33 203 33
34: 34 442 34
35: 121 35 35
36: 36 267 36
37: 37 37 628
38: 517 38 38
39: 39 90 39
40: 40 40 84
41: 41 41 597
42: 42 42 430
43: 43 43 615
44: 4 44 44
45: 479 45 45
46: 399 46 46
47: 47 450 47
48: 48 48 629
49: 147 49 49
50: 50 50 286
51: 51 51 341
52: 52 410 52
53: 268 53 53
54: 485 54 54
55: 55 55 339
56: 242 56 56
57: 57 603 57
58: 58 608 58
59: 244 59 59
60: 279 60 60
61: 282 61 61
62: 62 62 575
63: 186 63 63
64: 440 64 64
65: 65 57 65
66: 180 66 66
67: 67 309 67
68: 509 68 68
69: 69 69 390
70: 70 70 149
71: 71 335 71
72: 72 257 72
73: 5 73 73
74: 74 499 74
75: 75 75 529
76: 76 76 169
77: 77 39 77
78: 78 513 78
79: 311 79 79
80: 553 80 80
81: 81 81 522
82: 82 72 82
83: 83 256 83
84: 84 84 387
85: 305 85 85
86: 86 202 86
87: 87 58 87
88: 45 88 88
89: 89 89 436
90: 90 273 90
91: 91 469 91
92: 92 589 92
93: 93 93 297
94: 364 94 94
95: 95 95 610
96: 96 96 236
97: 175 97 97
98: 98 151 98
99: 99 99 332
100: 100 342 100
101: 159 101 101
102: 102 102 185
103: 103 404 103
104: 104 104 152
105: 105 514 105
106: 106 106 253
107: 107 482 107
108: 108 108 353
109: 109 109 619
110: 110 274 110
111: 111 506 111
112: 157 112 112
113: 113 163 113
114: 114 366 114
115: 115 17 115
116: 606 116 116
117: 117 228 117
118: 118 164 118
119: 119 119 359
120: 120 120 379
121: 600 121 121
122: 122 122 120
123: 123 123 216
124: 124 124 3
125: 125 125 369
126: 402 126 126
127: 127 372 127
128: 128 128 492
129: 129 500 129
130: 220 130 130
131: 347 347 131
132: 298 132 132
133: 133 133 627
134: 134 107 134
135: 135 135 344
136: 136 136 182
137: 137 137 528
138: 138 98 138
139: 139 119 139
140: 543 140 140
141: 141 609 141
142: 518 142 142
143: 143 143 239
144: 144 144 18
145: 145 145 136
146: 56 146 146
147: 170 147 147
148: 466 148 148
149: 149 149 89
150: 584 150 150
151: 151 134 151
152: 152 152 240
153: 153 86 153
154: 156 154 154
155: 6 155 155
156: 623 156 156
157: 218 157 157
158: 400 158 158
159: 188 159 159
160: 35 160 160
161: 161 596 161
162: 447 162 162
163: 163 161 163
164: 164 533 164
165: 534 165 165
166: 166 166 363
167: 167 607 167
168: 168 168 381
169: 169 169 196
170: 622 170 170
171: 171 171 411
172: 172 172 540
173: 173 173 465
174: 174 189 174
175: 271 175 175
176: 176 176 292
177: 232 177 177
178: 577 178 178
179: 179 264 179
180: 310 180 180
181: 181 501 181
182: 182 182 205
183: 183 503 183
184: 28 184 184
185: 185 185 512
186: 330 186 186
187: 187 407 187
188: 2 188 188
189: 189 10 189
190: 190 190 586
191: 191 191 48
192: 192 192 572
193: 386 193 193
194: 194 83 194
195: 195 340 195
196: 196 196 495
197: 197 197 453
198: 198 428 198
199: 595 199 199
200: 200 30 200
201: 201 67 201
202: 202 598 202
203: 203 153 203
204: 204 204 133
205: 205 205 427
206: 206 206 137
207: 207 419 207
208: 209 208 208
209: 284 209 209
210: 336 210 210
211: 210 211 211
212: 212 212 393
213: 213 625 213
214: 214 214 433
215: 527 215 215
216: 216 216 314
217: 217 602 217
218: 154 218 218
219: 219 358 219
220: 468 220 220
221: 221 221 458
222: 604 222 222
223: 223 223 124
224: 224 346 224
225: 225 225 81
226: 226 489 226
227: 227 454 227
228: 228 195 228
229: 229 229 592
230: 230 230 424
231: 231 231 626
232: 320 232 232
233: 233 233 300
234: 250 234 234
235: 235 455 235
236: 236 236 580
237: 237 237 599
238: 238 238 350
239: 239 239 571
240: 240 240 354
241: 241 241 376
242: 462 242 242
243: 260 243 243
244: 621 244 244
245: 245 362 245
246: 246 246 26
247: 184 247 247
248: 248 248 238
249: 249 258 249
250: 88 250 250
251: 251 187 251
252: 252 380 252
253: 253 253 473
254: 254 213 254
255: 255 255 352
256: 256 127 256
257: 257 198 257
258: 258 227 258
259: 259 624 259
260: 477 260 260
261: 261 217 261
262: 262 331 262
263: 119 263 119
264: 264 585 264
265: 449 265 265
266: 266 266 590
267: 267 384 267
268: 68 268 268
269: 269 269 337
270: 270 460 270
271: 272 271 271
272: 539 272 272
273: 273 327 273
274: 274 92 274
275: 275 275 618
276: 276 276 75
277: 247 277 277
278: 278 278 263
279: 243 279 279
280: 594 280 280
281: 281 306 281
282: 131 282 282
283: 333 283 283
284: 377 284 284
285: 388 285 285
286: 286 286 166
287: 155 287 287
288: 288 556 288
289: 289 289 392
290: 319 290 290
291: 291 105 291
292: 292 292 95
293: 293 293 206
294: 294 294 322
295: 148 295 295
296: 296 569 296
297: 297 297 109
298: 290 298 298
299: 357 299 299
300: 499 300 499
301: 301 494 301
302: 302 302 192
303: 303 303 361
304: 304 291 304
305: 14 305 305
306: 306 194 306
307: 307 307 221
308: 308 308 43
309: 309 207 309
310: 567 310 310
311: 63 311 311
312: 312 312 587
313: 313 313 439
314: 314 314 145
315: 315 531 315
316: 316 316 102
317: 317 179 317
318: 318 318 475
319: 367 319 319
320: 565 320 320
321: 321 321 401
322: 322 322 523
323: 323 281 323
324: 324 324 241
325: 199 325 325
326: 326 52 326
327: 327 423 327
328: 613 328 328
329: 329 329 231
330: 146 330 330
331: 331 612 331
332: 332 332 278
333: 360 333 333
334: 334 334 368
335: 335 219 335
336: 383 336 336
337: 337 337 545
338: 338 338 276
339: 339 339 190
340: 340 576 340
341: 341 341 173
342: 342 249 342
343: 456 343 343
344: 344 344 403
345: 551 345 345
346: 346 91 346
347: 74 347 347
348: 348 36 348
349: 349 564 349
350: 350 350 269
351: 496 351 351
352: 352 352 405
353: 353 353 293
354: 354 354 229
355: 355 355 108
356: 356 315 356
357: 60 357 357
358: 358 493 358
359: 359 359 321
360: 562 360 360
361: 361 361 135
362: 362 472 362
363: 363 363 42
364: 530 364 364
365: 434 365 365
366: 366 578 366
367: 38 367 367
368: 368 368 172
369: 369 369 486
370: 370 370 497
371: 101 371 371
372: 372 252 372
373: 373 141 373
374: 59 374 374
375: 375 375 294
376: 376 376 50
377: 165 377 377
378: 444 378 378
379: 379 379 474
380: 380 262 380
381: 381 381 537
382: 382 224 382
383: 385 383 383
384: 384 117 384
385: 79 385 385
386: 601 386 386
387: 387 387 312
388: 287 388 388
389: 389 389 593
390: 390 390 437
391: 27 391 391
392: 392 392 508
393: 393 393 316
394: 365 394 394
395: 66 395 395
396: 396 396 548
397: 378 397 397
398: 398 1 398
399: 85 399 399
400: 547 400 400
401: 401 401 76
402: 8 402 402
403: 403 403 521
404: 404 87 404
405: 405 405 106
406: 214 406 214
407: 407 398 407
408: 408 408 96
409: 177 409 409
410: 410 416 410
411: 411 411 408
412: 452 412 412
413: 413 413 406
414: 414 414 104
415: 415 415 93
416: 416 511 416
417: 328 417 417
418: 418 113 418
419: 419 31 419
420: 420 420 233
421: 421 77 421
422: 345 422 422
423: 423 382 423
424: 424 424 370
425: 425 425 429
426: 426 426 266
427: 427 427 197
428: 428 103 428
429: 429 429 40
430: 430 430 0
431: 431 519 431
432: 325 432 432
433: 433 433 204
434: 162 434 434
435: 555 435 435
436: 436 436 425
437: 437 437 125
438: 13 438 438
439: 439 439 318
440: 520 440 440
441: 441 304 441
442: 442 301 442
443: 614 443 443
444: 478 444 444
445: 583 445 445
446: 446 100 446
447: 432 447 447
448: 132 448 448
449: 158 449 449
450: 450 114 450
451: 112 451 451
452: 443 452 452
453: 453 453 470
454: 454 47 454
455: 455 259 455
456: 457 456 456
457: 215 457 457
458: 458 458 223
459: 459 546 459
460: 460 507 460
461: 461 29 461
462: 44 462 462
463: 463 498 463
464: 464 480 464
465: 465 465 611
466: 588 466 466
467: 21 467 467
468: 277 468 468
469: 469 74 74
470: 470 470 303
471: 471 471 122
472: 472 418 472
473: 473 473 426
474: 474 474 420
475: 475 475 289
476: 476 476 11
477: 283 477 477
478: 53 478 478
479: 544 479 479
480: 480 181 480
481: 481 235 481
482: 482 183 482
483: 483 535 483
484: 484 510 484
485: 374 485 485
486: 486 486 62
487: 487 591 487
488: 488 541 488
489: 489 33 489
490: 490 490 69
491: 491 296 491
492: 492 492 302
493: 493 561 493
494: 494 536 494
495: 495 495 568
496: 445 496 496
497: 497 497 415
498: 498 118 498
499: 499 214 23
500: 500 581 500
501: 501 16 501
502: 502 24 502
503: 503 326 503
504: 64 504 504
505: 422 505 505
506: 506 557 506
507: 507 502 507
508: 508 508 37
509: 193 509 509
510: 510 421 510
511: 511 549 511
512: 512 512 191
513: 513 446 513
514: 514 459 514
515: 19 515 515
516: 516 348 516
517: 299 517 517
518: 280 518 518
519: 519 139 139
520: 54 520 520
521: 521 521 255
522: 522 522 476
523: 523 523 396
524: 451 524 524
525: 160 525 525
526: 438 526 526
527: 394 527 527
528: 528 528 55
529: 529 529 329
530: 467 530 530
531: 531 616 531
532: 532 570 532
533: 533 251 533
534: 538 534 534
535: 535 245 535
536: 536 516 536
537: 537 537 144
538: 49 538 538
539: 73 539 539
540: 540 540 248
541: 541 65 541
542: 542 441 542
543: 515 543 543
544: 32 544 544
545: 545 545 225
546: 546 349 546
547: 97 547 547
548: 548 548 237
549: 549 78 549
550: 550 532 550
551: 178 551 551
552: 285 552 552
553: 558 553 553
554: 554 563 554
555: 150 555 555
556: 556 484 556
557: 557 226 557
558: 61 558 558
559: 559 559 375
560: 22 560 560
561: 561 464 561
562: 395 562 562
563: 563 542 563
564: 564 34 564
565: 525 565 565
566: 566 487 566
567: 211 567 567
568: 568 568 7
569: 569 129 569
570: 570 115 570
571: 571 571 70
572: 572 572 275
573: 222 573 573
574: 574 356 574
575: 575 575 51
576: 576 15 576
577: 295 577 577
578: 578 488 578
579: 524 579 579
580: 580 580 355
581: 581 317 581
582: 140 582 582
583: 46 583 583
584: 412 584 584
585: 585 550 585
586: 586 586 168
587: 587 587 41
588: 116 588 588
589: 589 167 589
590: 590 590 230
591: 591 111 591
592: 592 592 143
593: 593 593 338
594: 504 594 594
595: 505 595 595
596: 596 174 596
597: 597 597 246
598: 598 254 598
599: 599 599 414
600: 560 600 600
601: 343 601 601
602: 602 20 602
603: 603 261 603
604: 130 604 604
605: 605 323 605
606: 526 606 606
607: 607 200 607
608: 608 554 608
609: 609 481 609
610: 610 610 413
611: 611 611 25
612: 612 373 612
613: 573 613 613
614: 397 614 614
615: 615 615 99
616: 616 566 616
617: 617 617 171
618: 618 618 389
619: 619 619 334
620: 371 620 620
621: 552 621 621
622: 351 622 622
623: 391 623 623
624: 624 201 624
625: 625 138 625
626: 626 626 559
627: 627 627 128
628: 628 628 176
629: 629 629 490
