90 3
0: 5 0 0
1: 23 1 1
2: 2 2 12
3: 83 3 3
4: 4 11 4
5: 6 5 5
6: 41 6 6
7: 26 7 7
8: 8 65 8
9: 9 9 87
10: 10 33 10
11: 11 75 11
12: 77 12 77
13: 32 13 13
14: 69 14 14
15: 15 25 15
16: 16 16 2
17: 18 17 17
18: 46 18 18
19: 19 19 37
20: 20 4 20
21: 21 21 63
22: 70 22 22
23: 86 23 23
24: 24 81 24
25: 25 10 25
26: 55 26 26
27: 27 27 16
28: 28 28 53
29: 52 29 29
30: 30 30 82
31: 31 35 31
32: 29 32 32
33: 33 76 33
34: 78 34 78
35: 35 79 35
36: 54 36 36
37: 37 37 9
38: 38 45 38
39: 59 39 39
40: 71 40 40
41: 68 41 41
42: 42 72 42
43: 43 43 84
44: 44 15 44
45: 45 49 45
46: 66 46 46
47: 47 62 47
48: 48 48 74
49: 49 70 70
50: 50 50 48
51: 51 51 28
52: 14 52 52
53: 53 53 30
54: 39 54 54
55: 73 55 55
56: 56 56 19
57: 57 88 57
58: 58 58 43
59: 59 78 59
60: 60 60 89
61: 61 8 61
62: 62 44 62
63: 63 63 50
64: 64 42 64
65: 65 38 65
66: 22 22 66
67: 67 67 58
68: 36 68 68
69: 40 69 69
70: 70 77 70
71: 17 71 71
72: 72 61 72
73: 1 73 73
74: 74 74 80
75: 75 24 75
76: 76 20 76
77: 77 21 51
78: 78 78 56
79: 79 57 79
80: 80 80 67
81: 81 59 59
82: 82 82 27
83: 13 83 83
84: 21 84 21
85: 85 85 34
86: 0 86 86
87: 87 87 60
88: 88 64 88
89: 89 89 85
