90 3
0: 25 0 0
1: 1 1 70
2: 2 2 27
3: 3 81 3
4: 4 11 4
5: 5 68 5
6: 6 6 31
7: 48 7 7
8: 20 8 20
9: 9 9 29
10: 10 10 13
11: 11 88 11
12: 12 12 51
13: 13 13 64
14: 77 14 14
15: 15 43 15
16: 16 30 16
17: 28 17 17
18: 18 18 23
19: 19 19 52
20: 20 76 61
21: 21 15 21
22: 22 77 77
23: 23 23 71
24: 14 14 24
25: 39 25 25
26: 63 26 26
27: 27 27 8
28: 83 28 28
29: 29 29 32
30: 30 83 83
31: 33 31 33
32: 32 32 6
33: 33 33 49
34: 38 34 34
35: 73 35 35
36: 50 36 36
37: 37 37 9
38: 55 38 38
39: 26 39 39
40: 40 74 40
41: 41 84 41
42: 42 69 42
43: 43 41 43
44: 62 44 44
45: 45 45 37
46: 46 5 46
47: 47 86 47
48: 56 48 48
49: 49 49 85
50: 66 50 50
51: 51 51 10
52: 52 52 12
53: 7 53 53
54: 54 4 54
55: 17 55 55
56: 34 56 56
57: 57 80 57
58: 35 58 58
59: 59 16 59
60: 60 47 60
61: 61 61 18
62: 89 62 62
63: 53 63 63
64: 76 64 76
65: 44 65 65
66: 24 66 66
67: 67 67 19
68: 68 57 68
69: 69 54 69
70: 70 70 2
71: 71 71 1
72: 79 72 72
73: 65 73 73
74: 74 42 74
75: 72 75 75
76: 76 76 82
77: 77 20 77
78: 0 78 78
79: 58 79 79
80: 80 22 80
81: 81 21 81
82: 82 82 67
83: 83 33 83
84: 84 59 84
85: 85 85 45
86: 86 3 86
87: 87 60 87
88: 88 46 88
89: 36 89 89
