1000 6
0: 976 888 744 830 975 291
1: 875 875 747 875 875 176
2: 279 274 274 592 279 547
3: 265 648 602 445 392 522
4: 603 926 217 395 198 586
5: 827 283 104 365 347 978
6: 903 34 87 230 206 163
7: 132 806 822 332 159 29
8: 486 496 780 998 258 601
9: 391 165 783 325 525 752
10: 457 441 900 276 50 388
11: 969 900 181 204 56 560
12: 506 972 82 282 74 353
13: 247 751 726 456 342 669
14: 65 486 993 353 691 354
15: 800 892 12 952 442 320
16: 225 309 425 85 544 995
17: 544 450 488 457 751 241
18: 402 759 737 127 648 353
19: 530 538 492 904 458 310
20: 150 55 46 418 636 83
21: 139 969 886 551 357 30
22: 294 449 377 156 275 927
23: 398 764 954 579 805 729
24: 199 824 330 289 560 361
25: 435 720 420 549 233 494
26: 725 922 340 301 823 481
27: 385 487 156 34 102 886
28: 304 281 217 851 510 675
29: 871 79 331 705 724 453
30: 576 479 331 189 786 500
31: 259 714 259 714 384 986
32: 973 72 968 726 968 968
33: 309 163 645 452 168 558
34: 664 602 808 766 341 692
35: 928 797 665 980 542 603
36: 760 82 361 204 843 306
37: 683 749 127 822 220 753
38: 359 298 997 393 436 247
39: 483 744 937 219 921 513
40: 839 374 332 961 230 564
41: 665 36 803 260 325 30
42: 390 925 762 317 97 368
43: 463 116 628 5 384 463
44: 509 103 901 170 946 915
45: 128 614 597 784 128 607
46: 204 66 480 510 341 158
47: 668 36 87 133 59 486
48: 885 851 276 405 658 525
49: 147 286 161 935 216 291
50: 159 127 912 947 867 530
51: 192 259 6 816 48 834
52: 514 777 777 514 829 706
53: 577 560 522 574 388 718
54: 275 555 419 576 796 243
55: 819 417 744 122 421 790
56: 528 910 620 622 797 837
57: 619 263 212 198 944 296
58: 397 910 184 156 167 46
59: 654 520 100 430 842 363
60: 666 37 484 550 762 26
61: 249 467 17 672 942 447
62: 666 589 669 594 666 527
63: 249 467 628 946 343 528
64: 421 707 812 289 896 938
65: 772 880 902 426 657 180
66: 28 942 576 762 432 242
67: 61 277 397 982 270 296
68: 17 830 963 0 726 864
69: 97 831 95 595 280 912
70: 179 461 734 958 309 38
71: 727 476 151 848 184 949
72: 957 781 223 323 919 957
73: 120 836 836 800 800 597
74: 2 183 832 2 895 566
75: 912 264 579 825 725 261
76: 506 76 453 978 754 898
77: 39 990 730 508 472 56
78: 342 916 244 51 776 79
79: 593 11 508 431 784 428
80: 223 73 580 781 323 416
81: 15 214 634 724 947 343
82: 65 880 765 373 624 664
83: 421 135 149 568 15 492
84: 342 637 524 910 743 782
85: 47 842 681 571 28 702
86: 761 301 916 796 567 585
87: 924 800 246 155 540 146
88: 928 131 61 375 106 35
89: 546 840 131 565 465 286
90: 585 469 294 193 277 648
91: 92 308 19 825 37 217
92: 928 998 649 92 221 504
93: 835 632 723 880 465 583
94: 735 685 576 835 318 205
95: 10 298 498 663 650 475
96: 881 955 354 710 97 438
97: 801 282 92 739 958 954
98: 982 399 439 849 834 802
99: 255 445 187 187 826 826
100: 582 744 553 744 420 950
101: 453 16 978 483 872 325
102: 40 676 262 722 184 436
103: 915 368 185 712 75 111
104: 744 420 950 346 549 744
105: 592 279 176 747 787 875
106: 803 585 687 888 508 682
107: 24 441 45 118 84 90
108: 861 327 502 137 250 795
109: 998 481 293 300 725 265
110: 875 592 203 203 535 705
111: 978 984 716 18 518 312
112: 437 742 964 49 277 989
113: 257 373 805 815 853 791
114: 457 434 392 32 394 560
115: 690 855 943 364 362 264
116: 269 626 283 25 491 612
117: 63 586 871 252 490 613
118: 976 887 869 981 313 359
119: 226 961 451 79 56 200
120: 970 297 986 116 779 970
121: 952 752 900 848 550 780
122: 962 803 107 769 356 325
123: 212 912 71 346 579 247
124: 194 452 775 13 324 166
125: 242 96 619 756 675 941
126: 748 134 123 604 160 50
127: 914 731 870 727 478 320
128: 343 461 329 814 898 256
129: 392 95 299 148 99 898
130: 725 497 71 403 953 983
131: 417 621 423 295 192 706
132: 409 186 385 274 436 472
133: 780 564 450 846 174 223
134: 51 342 358 541 768 718
135: 837 261 23 506 667 9
136: 95 714 944 476 248 997
137: 976 530 762 247 119 601
138: 925 624 472 641 954 114
139: 382 978 470 979 934 229
140: 512 50 529 49 408 474
141: 415 415 981 891 581 454
142: 647 929 546 520 768 389
143: 262 790 332 198 79 222
144: 850 14 409 528 889 0
145: 962 286 346 971 138 769
146: 5 297 714 660 116 714
147: 189 927 554 341 938 332
148: 123 835 414 652 472 344
149: 408 38 328 111 128 694
150: 276 194 134 990 601 363
151: 703 464 949 222 295 554
152: 964 531 320 16 53 741
153: 173 17 443 623 561 954
154: 87 580 957 73 919 223
155: 297 660 970 259 463 116
156: 419 483 271 857 361 591
157: 223 330 416 850 223 733
158: 557 357 202 56 780 946
159: 173 54 962 356 395 691
160: 130 759 503 841 68 760
161: 621 525 664 98 786 833
162: 564 427 558 912 624 248
163: 790 344 386 828 246 934
164: 951 753 98 328 821 15
165: 195 388 157 698 685 675
166: 993 84 732 758 680 358
167: 926 249 666 115 82 961
168: 523 979 513 871 526 520
169: 323 73 584 584 87 850
170: 130 490 374 374 15 539
171: 654 94 125 853 909 10
172: 716 571 613 604 983 673
173: 235 573 322 32 235 722
174: 570 727 822 610 875 480
175: 899 95 54 872 451 901
176: 874 907 907 734 734 829
177: 888 79 289 75 164 824
178: 688 150 706 708 784 636
179: 865 128 359 624 713 158
180: 920 529 30 112 648 314
181: 654 511 117 409 894 86
182: 484 226 665 249 50 556
183: 705 52 274 547 52 52
184: 830 768 325 136 724 296
185: 30 737 798 780 294 537
186: 200 858 586 67 393 739
187: 188 519 563 454 454 563
188: 832 566 927 110 895 729
189: 672 510 9 339 568 121
190: 692 169 692 281 157 169
191: 245 435 591 513 550 178
192: 478 500 88 558 562 16
193: 710 469 808 210 302 772
194: 896 931 452 517 153 677
195: 724 525 24 448 130 78
196: 938 689 68 501 835 222
197: 427 473 755 308 341 484
198: 385 816 742 327 498 930
199: 347 369 885 419 357 617
200: 209 500 289 122 603 294
201: 580 741 61 764 88 912
202: 338 572 803 124 277 165
203: 777 874 514 514 874 422
204: 113 799 644 284 217 661
205: 288 352 422 757 150 339
206: 109 226 703 271 27 457
207: 631 367 126 94 511 288
208: 647 634 902 543 213 296
209: 267 458 107 870 311 948
210: 338 702 191 893 210 894
211: 161 270 97 91 343 940
212: 607 230 301 524 700 168
213: 954 352 864 381 754 243
214: 155 483 194 603 869 456
215: 512 487 634 611 806 373
216: 370 751 41 434 460 338
217: 317 220 890 974 442 517
218: 670 616 538 0 394 842
219: 321 865 299 554 499 202
220: 6 772 446 117 959 922
221: 16 710 226 579 402 88
222: 449 16 89 753 931 116
223: 909 31 960 155 924 597
224: 316 362 162 356 70 244
225: 375 605 546 378 239 443
226: 967 641 249 740 552 994
227: 721 314 574 185 852 24
228: 978 283 491 347 283 25
229: 767 898 672 618 734 949
230: 194 421 791 634 765 920
231: 160 615 325 182 254 653
232: 277 687 724 673 596 471
233: 255 141 674 255 674 141
234: 39 134 163 737 933 469
235: 157 968 72 726 973 157
236: 668 287 636 659 243 68
237: 934 730 113 962 397 533
238: 124 293 238 765 746 855
239: 508 649 485 808 567 898
240: 746 278 417 91 904 921
241: 143 900 811 342 351 447
242: 199 538 55 336 668 619
243: 511 373 578 227 786 26
244: 651 869 612 477 934 665
245: 963 926 601 651 640 358
246: 463 228 714 714 714 970
247: 217 895 129 90 437 123
248: 247 252 815 775 814 952
249: 558 372 770 963 878 907
250: 522 462 488 75 684 67
251: 192 407 899 10 954 853
252: 907 609 780 837 9 97
253: 260 559 715 911 600 78
254: 945 224 528 77 880 777
255: 563 563 454 697 406 563
256: 941 291 943 717 199 828
257: 503 596 303 96 126 273
258: 211 309 474 668 400 263
259: 491 104 25 978 612 827
260: 737 898 761 79 886 39
261: 496 416 199 24 512 811
262: 956 494 197 813 769 560
263: 580 416 416 223 330 223
264: 313 810 798 760 332 171
265: 517 265 514 112 37 828
266: 157 726 80 973 973 726
267: 620 139 386 616 111 746
268: 351 367 837 337 550 15
269: 582 494 582 928 346 720
270: 232 164 325 288 176 879
271: 775 341 228 256 64 707
272: 47 197 238 272 105 257
273: 521 213 830 765 879 448
274: 433 763 173 706 777 763
275: 377 991 424 241 461 572
276: 167 824 281 490 316 234
277: 499 22 17 324 737 594
278: 693 226 133 34 139 663
279: 734 514 429 734 777 173
280: 128 638 482 315 497 878
281: 733 957 957 781 223 733
282: 112 60 860 882 101 316
283: 99 928 553 553 233 99
284: 415 690 509 189 424 784
285: 874 706 777 874 734 433
286: 918 996 123 96 125 94
287: 906 499 670 327 641 605
288: 766 451 335 133 448 305
289: 991 60 87 129 813 515
290: 131 770 327 228 412 142
291: 862 774 382 78 347 976
292: 805 658 473 625 503 81
293: 46 784 856 503 986 182
294: 101 314 115 689 325 702
295: 214 419 26 860 877 326
296: 181 58 542 857 975 316
297: 978 827 491 827 104 100
298: 823 362 980 270 952 273
299: 822 331 115 812 478 412
300: 553 250 253 216 402 998
301: 139 284 144 401 773 257
302: 732 647 46 345 745 140
303: 277 295 111 312 589 663
304: 726 42 329 46 601 466
305: 861 240 807 541 617 400
306: 430 185 83 722 702 264
307: 443 446 901 445 138 102
308: 268 451 355 800 548 500
309: 820 778 37 108 700 602
310: 956 230 58 557 921 527
311: 320 208 395 136 258 564
312: 547 659 295 171 775 458
313: 0 724 359 477 83 129
314: 857 958 668 994 164 970
315: 17 67 891 344 699 972
316: 808 516 870 932 471 845
317: 707 565 199 9 968 242
318: 170 827 727 778 77 625
319: 92 810 493 511 480 923
320: 82 620 564 967 343 190
321: 574 887 59 135 404 284
322: 154 80 973 80 169 169
323: 31 836 155 146 120 836
324: 747 52 203 52 592 274
325: 671 728 9 195 460 172
326: 995 204 357 767 440 463
327: 387 427 113 51 740 123
328: 85 979 99 690 971 761
329: 910 886 487 428 792 13
330: 960 597 540 146 120 146
331: 901 795 643 838 593 699
332: 175 984 189 594 396 551
333: 500 985 451 362 44 764
334: 193 769 931 338 576 408
335: 253 264 493 317 451 248
336: 56 695 56 206 162 327
337: 723 631 511 107 539 324
338: 472 21 745 116 57 645
339: 943 631 370 279 873 945
340: 988 923 807 107 408 349
341: 375 390 178 719 861 391
342: 572 647 497 620 168 615
343: 929 42 480 993 153 609
344: 38 383 828 250 410 517
345: 642 811 784 103 707 761
346: 141 587 141 826 141 414
347: 582 494 420 553 950 553
348: 966 57 677 529 522 835
349: 217 652 218 831 140 222
350: 938 84 878 778 609 715
351: 134 208 673 1 845 240
352: 542 870 3 825 892 161
353: 750 804 321 533 693 155
354: 769 123 940 124 736 22
355: 144 967 995 464 301 459
356: 818 447 978 506 940 214
357: 439 667 676 917 28 319
358: 784 527 949 713 920 6
359: 543 26 60 915 879 442
360: 380 821 653 685 42 329
361: 205 826 326 792 542 576
362: 693 572 638 820 245 776
363: 270 606 932 985 168 727
364: 717 180 539 30 749 810
365: 928 346 233 420 494 553
366: 623 149 996 324 782 864
367: 615 702 476 66 565 770
368: 570 865 975 78 256 826
369: 862 955 372 79 835 694
370: 405 369 682 261 781 633
371: 879 812 906 852 259 225
372: 605 277 593 556 337 859
373: 268 493 754 249 757 710
374: 567 881 922 499 37 219
375: 985 863 144 842 974 253
376: 882 317 21 988 516 610
377: 888 313 544 822 826 230
378: 367 169 851 578 219 538
379: 875 164 132 174 97 663
380: 74 102 345 641 45 15
381: 294 397 386 842 927 654
382: 683 728 951 46 656 997
383: 692 726 154 157 913 157
384: 827 626 104 704 104 100
385: 288 403 652 967 440 593
386: 922 904 567 801 254 51
387: 239 982 558 299 638 574
388: 809 460 532 419 558 599
389: 657 971 160 994 378 845
390: 72 169 973 157 157 263
391: 151 344 761 658 862 311
392: 644 770 113 238 36 530
393: 517 775 528 281 354 834
394: 809 34 349 8 509 487
395: 958 4 36 565 985 205
396: 603 699 785 447 298 221
397: 224 250 994 406 719 731
398: 449 53 210 127 671 950
399: 304 191 137 438 690 293
400: 338 752 741 645 467 60
401: 495 751 493 815 831 983
402: 865 340 404 250 632 659
403: 334 641 7 983 619 652
404: 53 879 457 398 589 94
405: 158 854 945 641 343 399
406: 110 729 729 183 895 566
407: 215 46 432 9 317 318
408: 58 478 516 181 731 661
409: 327 868 806 857 667 559
410: 651 604 108 487 401 340
411: 675 79 470 984 882 129
412: 613 586 360 807 132 856
413: 653 759 509 966 189 313
414: 981 74 454 981 406 825
415: 927 739 895 735 832 324
416: 800 155 120 31 540 246
417: 137 694 904 214 132 245
418: 287 496 767 402 264 388
419: 680 695 908 501 661 70
420: 674 701 587 587 918 141
421: 883 604 902 142 98 838
422: 722 32 941 32 573 266
423: 66 781 835 89 963 229
424: 651 500 620 619 596 664
425: 399 368 743 275 611 948
426: 191 548 313 77 306 305
427: 149 586 140 508 996 143
428: 318 537 413 593 510 976
429: 441 190 855 266 541 266
430: 504 695 88 857 955 1
431: 150 588 345 110 327 916
432: 804 427 756 730 117 40
433: 32 541 441 266 722 573
434: 684 244 258 45 314 634
435: 627 918 187 141 627 479
436: 656 402 90 901 751 123
437: 459 185 501 935 348 672
438: 423 533 223 954 45 751
439: 344 636 29 854 59 325
440: 242 924 239 449 33 707
441: 263 489 913 154 913 169
442: 900 191 881 277 670 634
443: 975 13 459 484 412 265
444: 883 997 280 27 286 263
445: 563 581 188 454 891 415
446: 763 462 456 299 761 134
447: 48 666 379 77 193 405
448: 834 624 664 631 462 47
449: 692 142 300 515 193 237
450: 233 136 327 688 107 500
451: 673 213 67 404 706 227
452: 985 0 12 704 636 122
453: 181 994 170 990 983 481
454: 566 183 735 729 729 895
455: 724 149 413 395 36 160
456: 215 15 88 59 270 497
457: 953 534 568 803 637 929
458: 899 12 462 454 961 930
459: 375 239 974 271 624 95
460: 214 301 583 286 540 872
461: 55 307 596 944 366 366
462: 694 822 401 181 179 962
463: 365 704 269 704 978 25
464: 760 326 353 661 339 475
465: 560 304 846 699 702 635
466: 446 4 611 517 407 633
467: 948 119 527 749 114 709
468: 264 810 673 578 146 816
469: 599 809 472 628 643 822
470: 638 443 389 54 46 778
471: 408 838 439 29 938 308
472: 65 671 611 373 856 774
473: 739 202 723 534 864 205
474: 769 605 976 471 148 546
475: 776 386 739 921 149 738
476: 242 418 148 350 983 343
477: 468 916 896 177 329 466
478: 556 292 218 774 805 439
479: 454 825 581 454 891 977
480: 456 701 793 119 857 512
481: 239 671 121 335 37 320
482: 382 120 521 16 664 614
483: 916 734 197 507 113 615
484: 370 501 434 889 379 458
485: 404 983 713 44 229 613
486: 42 631 706 447 885 131
487: 291 125 897 383 617 413
488: 855 807 273 699 440 437
489: 781 323 584 323 87 416
490: 211 596 999 446 925 224
491: 420 553 99 435 928 346
492: 901 446 452 667 193 841
493: 851 203 172 499 245 439
494: 445 918 255 701 141 255
495: 484 14 901 224 461 224
496: 489 243 588 379 966 725
497: 910 140 79 867 943 924
498: 240 783 59 643 943 293
499: 942 248 820 736 978 313
500: 202 550 754 571 843 509
501: 37 746 932 156 386 177
502: 226 805 879 428 30 69
503: 179 746 606 251 868 529
504: 534 70 6 179 482 766
505: 703 528 114 654 424 493
506: 802 140 384 517 338 296
507: 292 647 60 67 389 710
508: 256 851 487 717 852 879
509: 655 113 443 715 874 296
510: 919 54 690 954 261 405
511: 985 27 896 930 373 248
512: 838 655 801 548 138 768
513: 51 77 879 131 119 751
514: 235 266 266 855 190 32
515: 848 755 793 381 374 864
516: 509 862 27 731 960 898
517: 139 917 244 427 17 346
518: 376 664 461 10 354 986
519: 735 110 2 2 832 1
520: 215 426 558 807 144 319
521: 885 468 215 471 857 668
522: 497 706 551 980 140 958
523: 471 294 208 593 898 822
524: 279 939 300 839 184 70
525: 133 406 831 257 789 329
526: 270 456 19 103 437 987
527: 526 791 74 436 472 990
528: 447 401 148 803 890 766
529: 898 879 723 260 546 908
530: 402 530 961 464 227 820
531: 647 135 828 183 318 971
532: 267 917 217 726 303 501
533: 197 641 797 512 50 388
534: 867 528 681 168 155 126
535: 777 874 829 734 514 433
536: 190 322 235 266 722 322
537: 489 653 51 534 103 813
538: 349 527 11 880 585 518
539: 961 245 942 686 691 315
540: 297 259 970 259 660 714
541: 72 913 692 913 913 263
542: 529 828 210 363 533 908
543: 667 309 554 393 595 569
544: 770 440 50 446 209 90
545: 780 561 672 254 763 920
546: 766 28 335 127 806 83
547: 429 763 829 429 173 514
548: 551 367 588 579 853 611
549: 627 587 674 876 674 187
550: 464 506 499 465 601 552
551: 328 919 67 39 930 282
552: 916 358 338 818 272 791
553: 876 255 414 587 826 414
554: 394 645 980 892 411 265
555: 499 866 622 500 524 465
556: 440 396 422 845 687 294
557: 470 63 724 367 666 294
558: 916 685 555 736 241 687
559: 474 157 885 812 377 86
560: 933 321 478 844 793 732
561: 209 695 10 601 265 532
562: 679 982 34 709 241 648
563: 324 832 927 183 105 1
564: 872 749 484 499 201 608
565: 435 860 510 520 388 457
566: 52 705 52 547 285 52
567: 960 911 862 518 385 133
568: 758 546 728 232 302 558
569: 267 639 197 871 596 666
570: 987 450 565 611 349 982
571: 13 377 804 758 319 222
572: 280 589 482 775 191 343
573: 913 968 692 157 973 692
574: 742 752 408 290 65 368
575: 702 630 933 877 673 859
576: 171 32 702 982 282 47
577: 596 619 379 619 413 246
578: 996 822 72 306 688 886
579: 937 151 31 464 822 743
580: 597 800 960 597 836 800
581: 735 183 566 895 2 895
582: 414 479 187 414 674 876
583: 78 412 680 564 871 147
584: 120 31 246 836 540 924
585: 885 873 387 576 8 44
586: 451 792 687 887 815 439
587: 825 697 188 981 415 977
588: 294 377 789 685 62 731
589: 730 132 84 190 219 736
590: 42 686 964 720 520 250
591: 179 717 614 852 833 900
592: 514 763 429 777 706 706
593: 253 452 6 113 125 419
594: 988 432 985 652 208 353
595: 298 2 678 30 525 808
596: 556 591 904 96 639 57
597: 628 660 986 259 463 228
598: 132 278 348 13 164 374
599: 504 601 18 807 272 955
600: 51 695 256 458 50 505
601: 277 430 275 75 314 41
602: 754 601 625 871 460 913
603: 474 810 903 622 956 617
604: 657 8 925 284 534 911
605: 258 631 16 928 19 963
606: 126 374 44 976 245 461
607: 952 82 954 13 993 840
608: 717 675 810 580 39 470
609: 360 583 273 526 2 405
610: 504 232 905 426 1 813
611: 107 138 754 401 160 971
612: 435 553 582 494 950 346
613: 370 769 394 648 432 803
614: 200 736 479 198 905 0
615: 586 188 961 210 446 126
616: 484 679 126 205 925 367
617: 260 493 741 695 838 313
618: 206 967 103 915 686 425
619: 317 389 197 349 590 966
620: 328 695 300 803 343 748
621: 127 760 698 102 707 150
622: 971 507 206 420 371 218
623: 518 492 367 748 123 969
624: 98 194 13 76 552 479
625: 393 922 194 115 409 540
626: 435 346 950 435 582 233
627: 563 415 406 697 415 891
628: 491 626 100 365 978 491
629: 679 777 513 443 221 411
630: 261 725 163 943 152 358
631: 181 821 557 723 914 911
632: 44 661 294 256 880 22
633: 330 60 388 936 637 579
634: 527 534 629 873 613 360
635: 733 728 275 516 713 470
636: 765 466 933 797 721 734
637: 36 834 528 337 101 596
638: 358 946 535 438 844 567
639: 302 590 215 772 833 803
640: 713 848 278 609 126 768
641: 69 205 332 528 256 170
642: 897 974 687 662 456 814
643: 106 31 749 237 790 649
644: 380 687 377 791 690 352
645: 971 269 869 484 613 870
646: 349 374 507 213 480 932
647: 21 428 232 790 849 853
648: 765 16 997 68 226 76
649: 460 600 583 336 504 51
650: 795 568 698 954 166 808
651: 399 400 96 811 460 719
652: 100 531 801 160 698 91
653: 880 455 326 921 287 291
654: 646 108 265 387 985 689
655: 767 304 976 538 326 399
656: 574 716 153 676 42 216
657: 552 98 980 227 359 518
658: 665 904 111 712 774 689
659: 982 723 666 446 25 600
660: 365 25 104 827 365 612
661: 863 930 358 967 855 903
662: 899 814 579 596 108 965
663: 837 49 4 211 610 117
664: 434 292 665 20 163 292
665: 4 401 143 191 528 998
666: 128 451 132 21 987 340
667: 618 551 839 948 204 103
668: 113 940 912 609 242 392
669: 101 218 464 245 83 589
670: 865 487 464 967 143 768
671: 178 564 771 742 555 174
672: 517 785 100 387 339 532
673: 629 562 255 732 185 975
674: 581 697 415 981 563 563
675: 315 205 342 477 353 371
676: 142 680 436 127 90 386
677: 570 162 487 908 516 224
678: 420 879 639 427 261 29
679: 307 111 204 901 303 26
680: 746 23 523 368 577 361
681: 451 784 222 935 147 182
682: 58 558 506 204 938 152
683: 558 82 643 192 875 345
684: 132 475 587 131 975 805
685: 922 752 650 423 527 383
686: 23 658 101 572 360 64
687: 185 151 321 930 423 286
688: 14 379 304 657 673 598
689: 910 523 240 882 784 609
690: 901 315 944 565 431 499
691: 528 492 725 557 352 508
692: 584 323 580 223 73 323
693: 791 482 986 828 938 511
694: 742 606 618 378 980 473
695: 124 287 196 469 822 483
696: 197 657 942 181 52 839
697: 729 739 1 566 739 729
698: 152 631 502 969 326 249
699: 702 65 713 200 926 446
700: 624 986 828 880 991 372
701: 825 981 563 891 891 891
702: 95 337 405 317 772 521
703: 159 232 777 378 6 366
704: 720 553 233 99 720 582
705: 734 422 514 874 173 763
706: 855 266 322 855 390 541
707: 150 792 480 681 768 353
708: 807 644 790 486 398 961
709: 517 241 783 64 179 943
710: 183 306 552 193 831 86
711: 215 755 512 178 485 339
712: 529 413 470 843 969 187
713: 22 854 91 867 551 632
714: 827 365 491 25 104 104
715: 9 58 561 131 666 868
716: 392 916 521 384 92 757
717: 145 359 133 965 588 716
718: 521 703 139 182 131 339
719: 362 539 166 22 797 157
720: 876 587 918 141 187 479
721: 746 672 605 846 812 905
722: 80 726 281 154 263 263
723: 406 811 598 362 985 502
724: 790 698 61 698 370 804
725: 252 490 515 434 700 933
726: 323 87 850 73 957 87
727: 234 129 337 520 378 341
728: 309 699 802 614 618 778
729: 52 285 274 787 705 535
730: 179 633 975 167 819 868
731: 343 713 365 250 54 671
732: 799 377 264 50 158 65
733: 246 924 960 800 924 909
734: 855 322 855 390 722 266
735: 547 747 274 705 203 52
736: 546 376 997 579 137 10
737: 344 931 18 835 252 756
738: 221 312 485 79 394 966
739: 203 547 535 285 875 535
740: 520 217 600 757 133 633
741: 561 511 453 370 231 337
742: 454 935 938 446 93 690
743: 544 481 34 28 55 222
744: 255 414 445 187 876 918
745: 523 565 232 275 426 518
746: 731 173 852 35 817 664
747: 433 907 536 777 429 422
748: 788 724 98 942 971 114
749: 345 6 149 962 659 838
750: 216 206 503 291 815 89
751: 942 678 811 37 159 351
752: 39 796 911 691 790 139
753: 853 142 552 632 400 493
754: 564 959 184 490 44 296
755: 329 933 979 949 492 939
756: 956 112 765 521 936 3
757: 129 812 487 615 211 350
758: 234 877 52 969 818 654
759: 540 842 786 148 599 703
760: 452 654 495 134 106 433
761: 61 820 815 419 619 839
762: 285 550 813 64 197 848
763: 441 441 855 441 322 235
764: 985 56 149 694 736 460
765: 577 925 670 822 342 500
766: 456 774 77 985 632 895
767: 52 227 838 164 677 62
768: 768 609 316 145 236 519
769: 569 813 668 551 924 696
770: 122 192 387 746 934 73
771: 335 250 421 679 991 499
772: 284 559 779 55 682 743
773: 4 834 731 998 775 795
774: 68 358 506 802 887 139
775: 840 181 970 984 247 131
776: 391 860 94 379 827 818
777: 855 573 573 441 541 573
778: 61 954 856 39 704 375
779: 283 100 491 25 704 704
780: 184 653 319 38 548 859
781: 155 909 540 155 960 909
782: 156 741 570 382 614 850
783: 469 746 794 244 208 645
784: 18 522 963 500 871 26
785: 264 307 640 470 582 483
786: 746 490 496 61 727 502
787: 874 829 777 777 777 422
788: 37 461 229 743 381 159
789: 175 829 914 18 814 525
790: 466 771 601 218 258 810
791: 101 817 393 136 10 266
792: 167 989 656 947 727 750
793: 295 562 749 466 271 636
794: 880 576 130 831 543 380
795: 493 238 698 773 246 853
796: 370 725 608 362 107 982
797: 258 948 457 293 985 685
798: 676 782 614 574 0 604
799: 478 592 27 356 799 690
800: 660 5 5 463 297 779
801: 265 914 134 775 21 651
802: 552 567 271 609 364 202
803: 859 944 469 84 671 552
804: 26 48 530 755 462 976
805: 24 49 589 84 591 463
806: 985 200 644 360 373 799
807: 521 560 693 171 286 948
808: 774 537 156 511 319 321
809: 373 248 326 14 989 883
810: 765 857 56 568 705 930
811: 642 678 891 135 137 551
812: 167 896 936 431 143 783
813: 11 579 392 807 878 710
814: 738 728 34 446 251 525
815: 70 567 886 393 768 582
816: 299 193 843 926 58 206
817: 334 294 779 878 830 750
818: 240 133 202 663 598 457
819: 48 264 237 19 18 714
820: 140 601 756 374 756 137
821: 524 762 557 611 933 70
822: 47 915 801 117 983 140
823: 64 812 847 108 403 342
824: 525 193 656 284 677 698
825: 183 566 566 739 739 110
826: 406 415 981 519 454 697
827: 928 549 549 549 435 233
828: 41 552 391 258 75 335
829: 573 322 383 941 235 722
830: 148 828 65 391 681 641
831: 93 980 218 998 749 423
832: 279 52 279 176 592 274
833: 590 994 103 219 982 56
834: 236 878 534 436 795 834
835: 234 400 107 244 159 616
836: 116 970 986 384 228 297
837: 712 290 260 221 920 95
838: 288 971 429 114 335 180
839: 933 69 407 291 520 166
840: 470 842 780 546 932 525
841: 647 183 213 669 458 39
842: 32 378 137 220 434 742
843: 468 725 755 278 747 520
844: 103 163 299 600 513 102
845: 75 514 63 538 512 45
846: 42 720 632 545 914 359
847: 663 487 350 910 262 654
848: 198 150 155 359 366 149
849: 631 412 468 328 688 203
850: 31 909 155 246 909 43
851: 969 798 268 691 196 709
852: 309 115 262 453 94 473
853: 738 137 291 995 790 631
854: 562 462 751 41 152 254
855: 726 973 80 157 169 968
856: 682 506 90 48 916 814
857: 196 643 436 214 972 371
858: 482 352 612 759 853 809
859: 603 426 399 299 630 908
860: 845 585 639 449 251 93
861: 17 503 193 939 250 566
862: 912 783 424 646 901 126
863: 787 460 809 513 951 484
864: 935 650 552 626 225 886
865: 891 353 133 807 738 291
866: 517 596 551 915 772 369
867: 713 218 824 993 262 791
868: 933 434 826 156 682 922
869: 848 554 943 184 211 206
870: 629 147 501 558 347 629
871: 409 386 869 222 601 342
872: 995 76 798 766 64 240
873: 255 36 555 225 42 508
874: 32 441 855 441 855 441
875: 429 536 763 433 777 907
876: 563 74 581 981 188 519
877: 397 653 676 511 516 856
878: 770 97 305 702 332 526
879: 607 302 59 857 5 528
880: 939 291 124 215 588 989
881: 675 325 755 540 47 959
882: 864 779 341 689 3 89
883: 722 280 59 642 724 352
884: 429 364 799 118 333 81
885: 906 311 938 603 887 937
886: 210 30 620 974 898 719
887: 328 486 58 865 10 422
888: 359 328 811 985 189 521
889: 763 949 755 595 789 310
890: 528 370 687 422 45 452
891: 895 729 105 324 895 832
892: 245 885 350 572 820 291
893: 701 905 272 591 574 206
894: 891 39 530 388 696 846
895: 274 592 747 274 875 274
896: 667 560 418 168 360 348
897: 79 670 682 716 200 603
898: 853 531 789 758 326 868
899: 652 427 689 831 568 723
900: 967 370 590 962 207 546
901: 759 270 287 783 751 825
902: 406 359 151 303 833 7
903: 959 442 242 786 9 980
904: 555 732 871 331 89 598
905: 823 614 186 718 885 750
906: 546 166 5 668 667 299
907: 383 722 390 266 541 573
908: 326 351 362 73 699 381
909: 5 259 660 259 970 970
910: 901 659 365 824 299 870
911: 680 476 375 853 571 115
912: 166 7 830 318 616 800
913: 919 323 223 781 584 73
914: 119 819 220 884 332 352
915: 584 869 889 33 649 373
916: 477 735 665 271 915 28
917: 172 4 778 941 208 568
918: 415 891 74 406 697 697
919: 597 31 43 960 800 597
920: 608 212 761 789 609 80
921: 962 107 961 63 360 659
922: 896 396 186 394 30 517
923: 357 339 256 134 914 286
924: 116 779 116 660 660 628
925: 177 94 184 942 270 281
926: 690 481 60 115 287 771
927: 285 52 535 747 274 875
928: 674 627 674 479 187 674
929: 219 24 375 956 254 186
930: 617 747 411 492 513 994
931: 143 569 561 980 76 513
932: 870 267 399 499 349 358
933: 75 561 654 677 78 461
934: 473 687 282 500 658 313
935: 733 224 27 778 466 617
936: 696 667 462 70 187 695
937: 22 730 955 80 551 348
938: 938 54 678 138 163 354
939: 367 109 215 382 108 438
940: 36 63 101 631 634 479
941: 80 263 263 281 169 489
942: 583 921 80 498 824 314
943: 902 544 864 7 780 333
944: 888 224 476 361 88 232
945: 418 984 148 693 216 168
946: 212 873 631 888 736 668
947: 921 533 923 205 674 409
948: 728 733 862 757 498 743
949: 315 943 9 360 181 663
950: 187 255 627 479 826 479
951: 202 68 329 432 642 227
952: 730 452 464 843 878 503
953: 822 124 461 595 108 885
954: 54 689 548 640 545 376
955: 11 880 468 511 789 81
956: 605 513 468 529 850 426
957: 31 924 800 909 31 43
958: 887 273 120 667 413 202
959: 348 426 632 736 306 952
960: 463 5 5 970 714 297
961: 475 336 344 325 770 225
962: 657 758 613 856 748 253
963: 144 664 999 556 844 424
964: 78 525 421 946 493 821
965: 225 45 842 984 394 193
966: 593 648 325 585 643 993
967: 258 887 869 854 147 857
968: 73 584 781 580 323 330
969: 341 656 293 778 793 562
970: 347 491 612 365 827 626
971: 37 438 362 730 539 709
972: 276 401 289 697 334 595
973: 87 850 73 323 584 957
974: 777 659 767 804 232 287
975: 839 179 26 81 759 185
976: 527 60 432 979 342 317
977: 105 566 895 735 110 2
978: 99 420 582 435 494 744
979: 205 513 845 700 793 695
980: 610 901 131 426 85 492
981: 110 110 324 105 2 566
982: 303 366 318 883 342 400
983: 661 699 889 440 256 70
984: 501 605 337 22 91 554
985: 38 5 248 27 816 39
986: 612 827 104 283 612 978
987: 988 69 97 568 523 719
988: 189 206 39 939 291 685
989: 818 769 70 7 828 144
990: 890 102 468 980 551 852
991: 6 10 33 756 813 744
992: 275 734 694 350 820 769
993: 634 246 513 250 311 911
994: 708 755 149 687 341 46
995: 567 372 83 492 333 480
996: 524 517 464 339 942 594
997: 207 192 336 474 833 751
998: 114 837 488 512 583 812
999: 213 8 719 320 646 833
