500 3
0: 183 475 316
1: 293 105 335
2: 140 393 493
3: 425 154 106
4: 120 23 76
5: 279 391 372
6: 225 300 73
7: 497 123 391
8: 178 153 355
9: 378 244 331
10: 191 117 430
11: 135 491 167
12: 114 133 205
13: 8 211 237
14: 130 222 200
15: 111 266 16
16: 469 300 172
17: 22 147 42
18: 480 34 409
19: 178 401 178
20: 303 273 183
21: 258 19 226
22: 106 371 284
23: 403 258 403
24: 473 374 474
25: 160 127 414
26: 267 9 342
27: 76 55 280
28: 457 122 303
29: 48 188 69
30: 454 60 135
31: 351 5 415
32: 38 403 335
33: 378 455 398
34: 363 76 55
35: 281 142 379
36: 91 44 420
37: 448 448 86
38: 367 122 133
39: 440 335 415
40: 261 480 281
41: 92 120 90
42: 408 474 297
43: 353 342 225
44: 16 6 16
45: 273 128 321
46: 54 371 433
47: 286 102 367
48: 245 423 67
49: 118 179 227
50: 442 392 46
51: 3 437 465
52: 390 319 47
53: 415 382 351
54: 322 4 476
55: 19 403 75
56: 396 342 488
57: 148 250 165
58: 148 404 142
59: 55 76 55
60: 37 7 254
61: 306 45 369
62: 362 227 156
63: 11 307 90
64: 236 155 488
65: 252 53 452
66: 240 443 234
67: 93 455 455
68: 181 278 216
69: 129 60 10
70: 226 51 444
71: 80 296 366
72: 67 238 160
73: 4 59 260
74: 481 301 411
75: 356 355 401
76: 75 403 397
77: 409 363 439
78: 402 75 301
79: 412 414 44
80: 481 271 379
81: 402 93 338
82: 86 456 388
83: 262 156 484
84: 105 421 142
85: 366 395 439
86: 25 387 72
87: 139 85 161
88: 424 354 188
89: 375 180 70
90: 408 323 143
91: 244 489 482
92: 205 497 293
93: 396 225 159
94: 466 264 56
95: 493 218 114
96: 490 143 478
97: 150 86 70
98: 170 289 351
99: 179 8 403
100: 23 363 99
101: 298 352 465
102: 445 31 397
103: 284 83 229
104: 298 244 291
105: 70 281 167
106: 80 398 247
107: 393 422 481
108: 198 199 456
109: 481 216 464
110: 167 496 399
111: 253 401 201
112: 303 99 90
113: 192 25 256
114: 286 443 149
115: 256 436 107
116: 142 167 412
117: 125 171 57
118: 213 62 108
119: 343 163 167
120: 258 8 37
121: 342 311 368
122: 98 335 193
123: 372 272 356
124: 459 101 60
125: 394 208 126
126: 137 54 372
127: 485 433 16
128: 456 149 278
129: 161 118 299
130: 189 337 113
131: 83 489 175
132: 230 167 462
133: 370 436 33
134: 198 135 276
135: 129 100 41
136: 464 450 268
137: 407 426 119
138: 442 47 393
139: 350 466 37
140: 62 463 387
141: 173 433 241
142: 390 199 314
143: 489 493 26
144: 373 20 104
145: 428 185 223
146: 408 269 83
147: 292 228 147
148: 268 212 343
149: 235 49 82
150: 45 86 185
151: 62 408 275
152: 430 2 128
153: 192 256 231
154: 230 119 220
155: 158 22 395
156: 109 214 371
157: 447 178 50
158: 21 55 357
159: 100 59 100
160: 16 56 43
161: 437 473 249
162: 432 138 19
163: 499 9 150
164: 43 6 433
165: 159 227 380
166: 317 43 438
167: 33 272 89
168: 410 60 363
169: 182 371 82
170: 261 369 1
171: 55 339 68
172: 158 4 100
173: 385 126 59
174: 351 217 437
175: 21 99 23
176: 99 68 477
177: 382 1 277
178: 231 387 72
179: 359 113 153
180: 327 381 256
181: 68 273 221
182: 387 187 231
183: 145 127 168
184: 288 26 150
185: 451 70 260
186: 13 295 116
187: 160 271 44
188: 398 38 218
189: 236 4 303
190: 294 36 42
191: 404 269 494
192: 160 160 164
193: 294 172 147
194: 64 174 217
195: 320 284 28
196: 192 262 12
197: 367 75 419
198: 334 423 480
199: 93 332 418
200: 366 405 365
201: 56 425 166
202: 2 295 466
203: 159 208 210
204: 167 106 403
205: 68 470 397
206: 486 263 341
207: 180 214 103
208: 32 345 36
209: 396 13 188
210: 314 40 201
211: 215 201 269
212: 313 29 238
213: 90 50 258
214: 1 493 107
215: 67 412 164
216: 189 41 99
217: 126 249 303
218: 185 240 9
219: 168 342 87
220: 104 108 78
221: 460 470 164
222: 27 287 174
223: 479 104 344
224: 36 497 94
225: 59 158 4
226: 178 178 86
227: 216 66 431
228: 309 331 184
229: 408 177 460
230: 427 373 354
231: 127 67 160
232: 334 493 487
233: 160 44 44
234: 267 90 10
235: 480 92 22
236: 349 385 482
237: 169 234 134
238: 93 16 43
239: 49 155 357
240: 42 115 262
241: 103 296 323
242: 284 49 36
243: 432 40 496
244: 112 189 303
245: 250 186 303
246: 400 304 188
247: 123 410 264
248: 37 487 150
249: 366 84 338
250: 62 282 353
251: 59 70 166
252: 396 367 222
253: 358 102 406
254: 293 214 196
255: 360 231 278
256: 412 414 44
257: 256 0 333
258: 355 359 359
259: 108 326 304
260: 120 99 120
261: 264 464 199
262: 76 382 283
263: 453 378 274
264: 419 271 332
265: 469 342 300
266: 82 250 235
267: 205 129 384
268: 403 147 296
269: 1 45 184
270: 272 90 242
271: 433 93 433
272: 388 176 316
273: 482 208 211
274: 467 216 178
275: 21 425 84
276: 130 141 313
277: 176 429 44
278: 238 464 236
279: 386 319 236
280: 226 8 226
281: 121 391 179
282: 82 448 376
283: 411 183 348
284: 293 287 367
285: 377 314 59
286: 264 201 168
287: 280 239 370
288: 255 416 79
289: 451 7 364
290: 212 360 229
291: 198 49 464
292: 293 8 227
293: 13 222 429
294: 337 382 352
295: 450 59 315
296: 369 134 55
297: 209 337 362
298: 1 314 152
299: 401 380 46
300: 175 100 27
301: 435 286 71
302: 429 93 323
303: 276 191 314
304: 28 407 279
305: 103 194 456
306: 144 464 273
307: 454 287 308
308: 116 294 165
309: 449 245 317
310: 222 442 189
311: 68 46 408
312: 56 281 54
313: 238 474 243
314: 462 136 87
315: 326 103 124
316: 461 254 488
317: 459 247 403
318: 180 184 208
319: 156 484 346
320: 213 140 34
321: 177 422 73
322: 380 365 258
323: 68 493 46
324: 465 1 426
325: 134 334 486
326: 448 401 153
327: 287 5 71
328: 479 431 370
329: 491 417 146
330: 146 497 297
331: 393 63 260
332: 496 103 64
333: 227 196 446
334: 321 486 48
335: 220 271 351
336: 156 40 48
337: 367 456 57
338: 224 334 308
339: 204 465 129
340: 48 129 166
341: 76 357 280
342: 4 175 34
343: 455 386 22
344: 95 311 149
345: 154 1 415
346: 115 447 459
347: 24 417 324
348: 24 217 384
349: 493 396 118
350: 379 214 298
351: 494 98 308
352: 350 312 247
353: 59 4 27
354: 36 391 203
355: 231 72 256
356: 256 192 72
357: 37 179 179
358: 198 240 101
359: 387 187 256
360: 116 111 478
361: 452 319 236
362: 363 280 357
363: 8 397 37
364: 40 268 275
365: 320 268 201
366: 81 386 497
367: 493 487 315
368: 458 107 133
369: 386 434 365
370: 300 237 50
371: 495 439 16
372: 141 181 416
373: 31 453 350
374: 232 215 74
375: 426 55 29
376: 276 326 28
377: 284 441 103
378: 132 271 20
379: 157 384 482
380: 202 411 292
381: 456 278 441
382: 186 289 16
383: 223 476 369
384: 145 109 397
385: 308 274 450
386: 12 466 412
387: 412 494 412
388: 55 460 294
389: 396 342 225
390: 168 256 107
391: 142 299 243
392: 399 136 217
393: 321 92 427
394: 155 336 308
395: 240 192 40
396: 175 341 34
397: 355 182 86
398: 376 291 34
399: 65 483 196
400: 66 82 352
401: 231 192 233
402: 89 133 406
403: 113 113 356
404: 200 430 446
405: 287 95 488
406: 398 200 395
407: 472 153 216
408: 126 191 357
409: 358 89 494
410: 349 387 247
411: 50 307 228
412: 56 43 433
413: 61 379 154
414: 93 485 43
415: 194 437 304
416: 121 438 289
417: 201 157 72
418: 225 181 347
419: 107 291 362
420: 229 441 124
421: 441 372 484
422: 58 228 278
423: 232 146 125
424: 176 323 143
425: 158 369 293
426: 157 200 453
427: 285 203 185
428: 62 488 51
429: 55 148 17
430: 240 21 195
431: 268 363 209
432: 333 369 86
433: 342 469 342
434: 34 9 321
435: 214 307 420
436: 107 496 139
437: 187 320 84
438: 239 483 281
439: 188 200 130
440: 1 160 207
441: 55 241 334
442: 356 284 119
443: 480 264 279
444: 292 387 9
445: 402 327 121
446: 410 491 8
447: 481 337 21
448: 231 187 256
449: 446 233 290
450: 294 33 460
451: 136 145 390
452: 303 63 149
453: 8 179 403
454: 155 52 122
455: 225 172 172
456: 210 431 371
457: 377 69 378
458: 222 395 299
459: 97 375 491
460: 451 62 414
461: 385 220 278
462: 290 478 479
463: 294 202 178
464: 13 315 108
465: 195 321 188
466: 161 72 407
467: 407 291 348
468: 223 476 117
469: 158 27 34
470: 245 129 465
471: 262 256 91
472: 228 155 375
473: 293 470 176
474: 138 324 81
475: 369 75 480
476: 78 285 54
477: 136 289 15
478: 280 201 254
479: 384 382 135
480: 321 461 105
481: 67 281 42
482: 498 250 469
483: 495 60 479
484: 242 417 417
485: 159 469 342
486: 43 229 259
487: 469 49 52
488: 59 175 260
489: 109 16 155
490: 67 167 176
491: 28 60 313
492: 351 436 248
493: 392 444 167
494: 56 433 389
495: 183 256 352
496: 121 436 289
497: 384 145 410
498: 279 308 144
499: 319 498 136
