200 3
0: 6 0 0
1: 104 1 1
2: 30 2 2
3: 155 3 3
4: 99 4 4
5: 138 5 5
6: 185 6 6
7: 78 7 7
8: 70 8 8
9: 151 9 9
10: 21 10 10
11: 47 11 11
12: 42 12 12
13: 164 13 13
14: 143 14 14
15: 67 15 15
16: 60 16 16
17: 87 17 17
18: 4 18 18
19: 144 19 19
20: 168 20 20
21: 156 21 21
22: 115 22 22
23: 109 23 23
24: 197 24 24
25: 37 25 25
26: 110 26 26
27: 135 27 27
28: 92 28 28
29: 124 29 29
30: 23 30 30
31: 84 31 31
32: 113 32 32
33: 32 33 33
34: 31 34 34
35: 96 35 35
36: 75 36 36
37: 117 37 37
38: 71 38 38
39: 165 39 39
40: 130 40 40
41: 194 41 41
42: 182 42 42
43: 5 43 43
44: 147 44 44
45: 132 45 45
46: 175 46 46
47: 139 47 47
48: 157 48 48
49: 183 49 49
50: 65 50 50
51: 192 51 51
52: 131 52 52
53: 162 53 53
54: 136 54 54
55: 150 55 55
56: 46 56 56
57: 173 173 57
58: 163 58 58
59: 61 59 59
60: 178 60 60
61: 125 61 61
62: 198 62 62
63: 55 63 63
64: 25 64 64
65: 89 65 65
66: 49 66 66
67: 158 67 67
68: 116 68 68
69: 176 69 69
70: 112 70 70
71: 195 71 71
72: 39 72 72
73: 153 73 73
74: 179 74 74
75: 43 75 75
76: 189 76 76
77: 141 77 77
78: 17 78 78
79: 83 79 79
80: 53 80 80
81: 184 81 81
82: 171 82 82
83: 146 83 83
84: 137 84 84
85: 24 85 85
86: 129 86 86
87: 56 87 87
88: 122 88 88
89: 35 89 89
90: 91 90 90
91: 76 91 91
92: 167 92 92
93: 145 93 93
94: 191 94 94
95: 127 95 95
96: 186 96 96
97: 7 97 97
98: 181 98 98
99: 134 99 99
100: 15 100 100
101: 159 101 101
102: 29 102 102
103: 111 103 103
104: 123 104 104
105: 22 105 105
106: 54 106 106
107: 160 107 107
108: 26 108 108
109: 174 109 109
110: 148 110 110
111: 48 111 111
112: 81 112 112
113: 98 113 113
114: 3 114 114
115: 14 115 115
116: 50 116 116
117: 108 117 117
118: 27 118 118
119: 36 119 119
120: 74 120 120
121: 1 121 121
122: 12 122 122
123: 18 123 123
124: 106 124 124
125: 28 125 125
126: 10 126 126
127: 161 127 127
128: 9 128 128
129: 33 129 129
130: 93 130 130
131: 0 131 131
132: 180 132 132
133: 154 133 133
134: 120 134 134
135: 45 135 135
136: 80 136 136
137: 177 137 137
138: 63 138 138
139: 79 139 139
140: 100 140 140
141: 170 141 141
142: 19 142 142
143: 41 143 143
144: 44 144 144
145: 11 145 145
146: 188 146 146
147: 94 147 147
148: 128 148 148
149: 85 149 149
150: 105 150 150
151: 199 151 151
152: 133 152 152
153: 16 153 153
154: 34 154 154
155: 52 155 155
156: 40 156 156
157: 58 157 157
158: 38 158 158
159: 118 159 159
160: 149 160 160
161: 62 161 161
162: 97 162 162
163: 69 163 163
164: 101 164 164
165: 66 165 165
166: 8 166 166
167: 103 167 167
168: 68 168 168
169: 187 169 169
170: 190 170 170
171: 140 171 171
172: 114 172 172
173: 95 173 173
174: 64 174 174
175: 166 175 175
176: 107 176 176
177: 57 177 177
178: 82 178 178
179: 86 179 179
180: 72 180 180
181: 2 181 181
182: 121 182 182
183: 126 183 183
184: 196 184 184
185: 193 185 185
186: 88 186 186
187: 90 187 187
188: 51 188 188
189: 77 189 189
190: 119 190 190
191: 20 191 191
192: 169 192 192
193: 102 193 193
194: 59 194 194
195: 172 195 195
196: 152 196 196
197: 73 197 197
198: 142 198 198
199: 13 199 199
