126 3
0: 0 0 84
1: 1 1 116
2: 2 106 2
3: 3 53 3
4: 113 4 4
5: 5 5 43
6: 6 6 28
7: 7 7 42
8: 8 8 57
9: 68 9 9
10: 10 2 10
11: 63 11 11
12: 12 12 7
13: 79 13 13
14: 11 14 14
15: 15 103 15
16: 16 76 16
17: 17 108 17
18: 18 118 18
19: 19 50 19
20: 20 109 20
21: 21 59 48
22: 45 22 22
23: 23 98 23
24: 102 24 24
25: 82 25 25
26: 26 29 26
27: 27 41 88
28: 28 28 95
29: 29 23 29
30: 4 30 30
31: 31 31 64
32: 77 32 32
33: 93 33 33
34: 34 67 34
35: 35 35 62
36: 46 36 36
37: 66 37 37
38: 38 18 38
39: 58 39 39
40: 40 110 40
41: 39 15 41
42: 42 42 65
43: 43 43 119
44: 44 90 44
45: 13 45 45
46: 37 46 46
47: 47 47 80
48: 48 48 12
49: 49 49 78
50: 50 83 50
51: 72 51 51
52: 51 52 52
53: 53 87 53
54: 75 54 54
55: 111 55 55
56: 56 56 71
57: 57 57 85
58: 52 58 58
59: 32 34 59
60: 60 60 5
61: 61 61 8
62: 21 62 21
63: 55 63 63
64: 27 64 27
65: 65 65 49
66: 33 66 66
67: 67 114 67
68: 122 68 68
69: 69 69 74
70: 70 97 70
71: 71 71 1
72: 30 72 72
73: 73 96 73
74: 74 74 104
75: 107 75 75
76: 76 89 76
77: 22 77 77
78: 78 78 61
79: 115 79 79
80: 80 80 6
81: 81 81 117
82: 36 82 82
83: 83 91 83
84: 84 84 60
85: 85 85 35
86: 24 86 86
87: 87 59 59
88: 88 88 125
89: 89 26 89
90: 90 10 90
91: 91 105 91
92: 92 21 56
93: 120 93 93
94: 94 19 94
95: 92 95 92
96: 96 38 96
97: 97 20 97
98: 98 101 98
99: 32 32 99
100: 100 100 69
101: 101 70 101
102: 39 102 102
103: 103 16 103
104: 104 104 47
105: 105 41 41
106: 106 3 106
107: 25 107 107
108: 108 73 108
109: 109 94 109
110: 110 17 110
111: 9 111 111
112: 86 112 112
113: 54 113 113
114: 114 40 114
115: 14 115 115
116: 116 116 100
117: 117 117 31
118: 118 44 118
119: 119 119 81
120: 99 120 120
121: 121 121 0
122: 123 122 122
123: 124 123 123
124: 112 124 124
125: 125 125 121
