1386 3
0: 1320 0 0
1: 636 1 1
2: 691 2 2
3: 1067 3 3
4: 4 4 664
5: 5 1293 5
6: 6 1349 6
7: 7 230 7
8: 8 683 8
9: 9 907 9
10: 10 10 256
11: 11 11 1315
12: 12 12 1017
13: 13 13 703
14: 14 14 1314
15: 1331 15 15
16: 16 1194 16
17: 17 1002 17
18: 93 18 18
19: 19 19 24
20: 210 20 20
21: 826 21 21
22: 22 594 22
23: 23 726 23
24: 24 24 1073
25: 25 945 25
26: 464 26 26
27: 27 367 27
28: 1083 28 28
29: 763 29 29
30: 30 30 364
31: 57 31 31
32: 92 32 32
33: 33 33 619
34: 1205 34 34
35: 270 35 35
36: 36 36 1221
37: 37 1056 37
38: 38 38 131
39: 39 39 793
40: 40 580 40
41: 41 41 1294
42: 42 42 558
43: 43 43 330
44: 44 44 168
45: 751 45 45
46: 1207 46 46
47: 1108 47 47
48: 617 48 48
49: 49 1109 49
50: 50 50 349
51: 51 51 332
52: 555 52 52
53: 53 922 53
54: 54 938 54
55: 55 55 60
56: 56 399 56
57: 1023 57 57
58: 438 58 58
59: 59 458 59
60: 60 60 1291
61: 1141 61 61
62: 62 1339 62
63: 320 63 63
64: 1118 64 64
65: 65 65 828
66: 66 66 571
67: 67 1127 67
68: 1149 68 68
69: 189 69 69
70: 70 70 385
71: 71 71 902
72: 72 72 176
73: 929 73 73
74: 74 74 287
75: 75 382 75
76: 223 76 76
77: 863 77 77
78: 78 78 987
79: 79 79 1110
80: 80 392 80
81: 675 81 81
82: 82 82 958
83: 83 746 83
84: 84 84 814
85: 85 1258 85
86: 86 167 86
87: 711 87 87
88: 1290 88 88
89: 1078 89 89
90: 1228 90 90
91: 1288 91 91
92: 658 92 92
93: 415 93 93
94: 94 405 94
95: 1297 95 95
96: 96 811 96
97: 97 97 1262
98: 98 1234 98
99: 99 99 850
100: 100 228 100
101: 1069 101 101
102: 102 1356 102
103: 103 796 103
104: 104 1137 104
105: 105 836 105
106: 196 106 106
107: 107 327 107
108: 1322 108 108
109: 109 1287 109
110: 372 110 110
111: 337 111 111
112: 227 112 112
113: 113 1246 113
114: 603 114 114
115: 115 650 115
116: 723 723 116
117: 117 1107 117
118: 118 1074 118
119: 119 119 388
120: 346 120 120
121: 121 848 121
122: 138 122 122
123: 123 123 573
124: 824 124 124
125: 545 125 125
126: 126 867 126
127: 127 1373 127
128: 128 524 128
129: 129 54 129
130: 130 201 130
131: 131 131 517
132: 132 214 132
133: 133 133 804
134: 539 134 134
135: 135 135 926
136: 136 136 627
137: 299 137 137
138: 599 138 138
139: 139 67 139
140: 870 140 140
141: 141 478 141
142: 142 142 1174
143: 718 143 143
144: 144 144 620
145: 145 1236 145
146: 421 146 146
147: 147 147 1119
148: 148 148 286
149: 1328 149 149
150: 150 150 471
151: 151 62 151
152: 838 152 152
153: 153 155 153
154: 921 154 154
155: 155 404 155
156: 156 1311 156
157: 268 157 157
158: 988 158 158
159: 842 159 159
160: 95 160 160
161: 161 161 66
162: 162 162 589
163: 163 370 163
164: 1157 164 164
165: 165 165 792
166: 166 296 166
167: 167 83 167
168: 168 168 446
169: 169 487 169
170: 170 280 170
171: 171 171 165
172: 172 1062 172
173: 173 1020 173
174: 174 1144 174
175: 238 175 175
176: 176 176 304
177: 177 177 578
178: 178 272 178
179: 192 179 179
180: 180 1198 180
181: 704 181 181
182: 182 182 39
183: 183 183 222
184: 184 23 184
185: 185 707 185
186: 186 40 186
187: 898 187 187
188: 188 188 70
189: 1210 189 189
190: 206 190 190
191: 191 554 191
192: 267 192 192
193: 193 193 944
194: 194 766 194
195: 195 1284 195
196: 696 196 196
197: 181 197 197
198: 198 198 506
199: 199 199 968
200: 200 868 200
201: 201 853 201
202: 202 776 202
203: 203 412 203
204: 204 204 1076
205: 205 205 775
206: 1115 206 206
207: 28 207 207
208: 668 208 208
209: 209 613 209
210: 1104 210 210
211: 211 865 211
212: 244 212 212
213: 994 213 213
214: 214 964 214
215: 215 215 1190
216: 216 216 880
217: 217 217 1192
218: 546 218 218
219: 219 992 219
220: 220 451 220
221: 876 221 221
222: 222 222 1348
223: 175 223 223
224: 224 871 224
225: 1215 225 225
226: 73 226 226
227: 577 227 227
228: 228 251 228
229: 1019 229 229
230: 230 17 230
231: 454 231 231
232: 232 180 232
233: 750 233 233
234: 112 234 234
235: 235 235 724
236: 236 236 205
237: 1085 237 237
238: 885 238 238
239: 239 1351 239
240: 240 1113 240
241: 241 241 1035
242: 242 851 242
243: 243 243 265
244: 111 244 244
245: 245 245 1028
246: 1162 246 246
247: 1120 247 247
248: 248 248 535
249: 444 249 249
250: 606 250 250
251: 251 507 251
252: 252 252 1359
253: 1247 253 253
254: 729 254 254
255: 255 255 78
256: 256 256 688
257: 257 153 257
258: 258 258 687
259: 1296 259 259
260: 741 260 260
261: 261 261 697
262: 712 262 262
263: 631 263 263
264: 264 1158 264
265: 265 265 516
266: 1193 266 266
267: 950 267 267
268: 263 268 268
269: 402 269 269
270: 146 270 270
271: 271 271 1301
272: 272 298 272
273: 273 273 1021
274: 1146 274 274
275: 275 1186 275
276: 276 281 276
277: 277 277 311
278: 31 278 278
279: 279 100 279
280: 280 141 280
281: 281 1147 281
282: 282 282 611
283: 453 283 283
284: 284 1283 284
285: 1055 285 285
286: 286 286 84
287: 287 287 455
288: 288 288 597
289: 289 289 600
290: 290 638 290
291: 291 291 509
292: 407 292 292
293: 1206 293 293
294: 294 294 236
295: 881 295 295
296: 296 350 296
297: 297 1026 297
298: 298 857 298
299: 837 299 299
300: 983 300 300
301: 301 185 301
302: 302 1357 302
303: 303 303 615
304: 304 304 572
305: 305 305 732
306: 63 306 306
307: 538 307 307
308: 308 118 308
309: 309 309 467
310: 439 310 310
311: 311 311 1148
312: 830 312 312
313: 522 313 522
314: 314 314 74
315: 315 1270 315
316: 316 316 1126
317: 317 317 1250
318: 318 126 318
319: 319 319 1092
320: 448 320 320
321: 644 321 321
322: 322 322 874
323: 323 667 323
324: 3 324 324
325: 872 325 325
326: 326 1375 326
327: 327 680 327
328: 1175 328 328
329: 329 1156 329
330: 330 330 79
331: 331 331 277
332: 332 332 1006
333: 333 1242 333
334: 334 334 967
335: 335 335 1043
336: 336 927 336
337: 505 337 337
338: 338 338 640
339: 794 339 339
340: 340 315 340
341: 1295 341 341
342: 342 342 1007
343: 343 121 343
344: 1260 344 344
345: 345 345 973
346: 588 346 346
347: 879 347 347
348: 480 348 348
349: 349 349 398
350: 350 1213 350
351: 351 699 351
352: 723 1087 352
353: 32 353 353
354: 1223 354 354
355: 355 355 1034
356: 356 356 873
357: 357 357 1082
358: 266 358 358
359: 359 1230 359
360: 360 7 360
361: 361 361 1265
362: 362 362 740
363: 363 363 561
364: 364 364 342
365: 365 1218 365
366: 366 326 366
367: 367 9 367
368: 368 368 193
369: 369 965 369
370: 370 1303 370
371: 371 590 371
372: 34 372 372
373: 537 373 373
374: 348 374 374
375: 375 375 1241
376: 376 376 536
377: 377 85 377
378: 378 633 378
379: 379 547 379
380: 380 380 11
381: 381 420 381
382: 382 1064 382
383: 383 383 900
384: 384 384 1217
385: 385 385 765
386: 137 386 386
387: 387 1264 387
388: 388 388 82
389: 389 389 395
390: 390 390 780
391: 1140 391 391
392: 392 812 392
393: 756 393 393
394: 394 1094 394
395: 395 395 136
396: 790 396 396
397: 397 37 397
398: 398 398 303
399: 399 652 399
400: 400 400 886
401: 401 352 352
402: 686 402 402
403: 403 630 403
404: 404 568 404
405: 405 1212 405
406: 406 200 406
407: 889 407 407
408: 408 49 408
409: 409 409 768
410: 410 410 288
411: 411 411 12
412: 412 899 412
413: 747 413 413
414: 414 414 1318
415: 1350 415 415
416: 416 660 416
417: 417 417 1022
418: 418 418 1231
419: 419 166 419
420: 420 1159 420
421: 1033 421 421
422: 422 184 422
423: 423 720 423
424: 424 770 424
425: 425 1024 425
426: 1227 426 426
427: 427 427 97
428: 197 428 428
429: 925 429 429
430: 430 430 822
431: 431 1363 431
432: 212 432 432
433: 433 1010 433
434: 434 434 1309
435: 435 715 435
436: 665 436 436
437: 437 437 1204
438: 283 438 438
439: 639 439 439
440: 440 440 708
441: 441 1187 441
442: 442 1135 442
443: 443 549 443
444: 428 444 444
445: 523 445 445
446: 446 446 135
447: 877 447 447
448: 1154 448 448
449: 449 449 610
450: 450 645 450
451: 451 947 451
452: 452 452 754
453: 663 453 453
454: 869 454 454
455: 455 455 409
456: 456 336 456
457: 457 129 457
458: 458 257 458
459: 459 476 459
460: 460 275 460
461: 461 813 461
462: 462 462 641
463: 605 463 463
464: 1179 464 464
465: 465 465 809
466: 466 534 466
467: 467 467 806
468: 1004 468 468
469: 89 469 469
470: 470 470 984
471: 471 471 1371
472: 325 472 472
473: 473 473 628
474: 474 474 1245
475: 475 475 669
476: 476 556 476
477: 477 522 1341
478: 478 27 478
479: 479 779 479
480: 884 480 480
481: 481 481 380
482: 810 482 482
483: 48 483 483
484: 484 484 55
485: 1132 485 485
486: 943 486 486
487: 487 801 487
488: 488 488 805
489: 489 489 677
490: 490 866 490
491: 491 359 491
492: 492 492 309
493: 915 493 493
494: 494 494 1338
495: 495 178 495
496: 496 1128 496
497: 497 591 497
498: 498 498 41
499: 499 499 1052
500: 702 500 500
501: 218 501 501
502: 502 351 502
503: 503 672 503
504: 504 911 504
505: 157 505 505
506: 506 506 969
507: 507 16 507
508: 293 508 508
509: 509 509 933
510: 835 510 510
511: 1255 511 511
512: 512 173 512
513: 513 1097 513
514: 514 490 514
515: 515 515 142
516: 516 516 199
517: 517 517 289
518: 518 1145 518
519: 519 318 519
520: 520 520 427
521: 521 521 384
522: 522 352 733
523: 396 523 523
524: 524 461 524
525: 20 525 525
526: 526 526 291
527: 527 527 731
528: 528 528 30
529: 529 529 657
530: 530 530 800
531: 237 531 531
532: 532 532 684
533: 533 533 1116
534: 534 406 534
535: 535 535 972
536: 536 536 817
537: 531 537 537
538: 1 538 538
539: 229 539 539
540: 762 540 540
541: 757 541 541
542: 542 542 982
543: 543 543 689
544: 544 544 1372
545: 1117 545 545
546: 1330 546 546
547: 547 1344 547
548: 548 767 548
549: 549 219 549
550: 550 653 550
551: 551 1189 551
552: 552 552 362
553: 553 553 19
554: 554 979 554
555: 956 555 555
556: 556 752 556
557: 557 557 738
558: 558 558 38
559: 887 559 559
560: 560 560 1326
561: 561 561 996
562: 231 562 562
563: 1274 563 563
564: 673 564 564
565: 565 565 1382
566: 566 566 252
567: 567 567 368
568: 568 425 568
569: 569 569 533
570: 570 56 570
571: 571 571 162
572: 572 572 816
573: 573 573 730
574: 574 574 273
575: 1249 575 575
576: 576 576 375
577: 949 577 577
578: 578 578 498
579: 579 579 148
580: 580 1202 580
581: 581 1361 581
582: 582 109 582
583: 583 551 583
584: 584 584 587
585: 585 585 1292
586: 759 586 586
587: 587 587 271
588: 601 588 588
589: 589 589 33
590: 590 753 590
591: 591 502 591
592: 705 592 592
593: 593 593 334
594: 594 690 594
595: 920 595 595
596: 300 596 596
597: 597 597 50
598: 598 107 598
599: 468 599 599
600: 600 600 544
601: 152 601 601
602: 602 602 417
603: 226 603 603
604: 604 604 864
605: 862 605 605
606: 791 606 606
607: 285 607 607
608: 608 659 608
609: 26 609 609
610: 610 610 662
611: 611 611 1071
612: 354 612 612
613: 613 1123 613
614: 614 614 1142
615: 615 615 781
616: 29 616 616
617: 941 617 617
618: 618 618 1306
619: 619 619 1317
620: 620 620 560
621: 621 186 621
622: 622 928 622
623: 623 923 623
624: 624 624 1075
625: 76 625 625
626: 626 102 626
627: 627 627 316
628: 628 628 188
629: 629 1300 629
630: 630 297 630
631: 1185 631 631
632: 632 896 632
633: 633 457 633
634: 208 634 634
635: 1045 635 635
636: 486 636 636
637: 637 637 970
638: 638 130 638
639: 221 639 639
640: 640 640 1378
641: 641 641 14
642: 250 642 642
643: 643 466 643
644: 1364 644 644
645: 645 833 645
646: 646 1302 646
647: 18 647 647
648: 648 648 1214
649: 649 1168 649
650: 650 202 650
651: 651 651 150
652: 652 94 652
653: 653 1233 653
654: 654 550 654
655: 260 655 655
656: 656 656 745
657: 657 657 182
658: 1077 658 658
659: 659 366 659
660: 660 895 660
661: 661 661 695
662: 662 662 532
663: 1208 663 663
664: 664 664 361
665: 47 665 665
666: 666 666 614
667: 667 113 667
668: 120 668 668
669: 669 669 743
670: 670 1248 670
671: 991 671 671
672: 672 514 672
673: 891 673 673
674: 158 674 674
675: 634 675 675
676: 676 676 1129
677: 677 677 335
678: 678 678 255
679: 679 1099 679
680: 680 1362 680
681: 681 681 772
682: 682 682 390
683: 683 170 683
684: 684 684 319
685: 975 685 685
686: 901 686 686
687: 687 687 10
688: 688 688 1335
689: 689 689 648
690: 690 1151 690
691: 386 691 691
692: 952 692 692
693: 693 693 1384
694: 694 1003 694
695: 695 695 65
696: 1171 696 696
697: 697 697 418
698: 698 698 557
699: 699 86 699
700: 46 700 700
701: 701 701 778
702: 125 702 702
703: 703 703 585
704: 77 704 704
705: 1298 705 705
706: 353 706 706
707: 707 240 707
708: 708 708 936
709: 709 709 1150
710: 710 1220 710
711: 278 711 711
712: 935 712 712
713: 225 713 713
714: 878 714 714
715: 715 977 715
716: 716 716 400
717: 717 717 204
718: 1163 718 718
719: 719 719 661
720: 720 764 720
721: 1381 721 721
722: 722 722 161
723: 586 723 723
724: 724 724 827
725: 725 725 1106
726: 726 1042 726
727: 727 156 727
728: 114 728 728
729: 1102 729 729
730: 730 730 243
731: 731 731 819
732: 732 732 698
733: 733 733 584
734: 734 734 985
735: 559 735 735
736: 771 736 736
737: 1201 737 737
738: 738 738 317
739: 321 739 739
740: 740 740 1036
741: 88 741 741
742: 472 742 742
743: 743 743 858
744: 87 744 744
745: 745 745 785
746: 746 788 746
747: 674 747 747
748: 1365 748 748
749: 749 749 331
750: 134 750 750
751: 592 751 751
752: 752 441 752
753: 753 583 753
754: 754 754 1272
755: 755 127 755
756: 993 756 756
757: 1366 757 757
758: 758 163 758
759: 373 759 759
760: 860 760 760
761: 1061 761 761
762: 647 762 762
763: 540 763 763
764: 764 581 764
765: 765 765 363
766: 766 104 766
767: 767 450 767
768: 768 768 216
769: 769 623 769
770: 770 169 770
771: 913 771 771
772: 772 772 133
773: 773 290 773
774: 45 774 774
775: 775 775 1133
776: 776 195 776
777: 595 777 777
778: 778 778 1086
779: 779 394 779
780: 780 780 355
781: 781 781 681
782: 782 75 782
783: 783 783 294
784: 784 211 784
785: 785 785 1031
786: 786 279 786
787: 787 787 1161
788: 788 323 788
789: 789 442 789
790: 625 790 790
791: 692 791 791
792: 792 792 526
793: 793 793 527
794: 1167 794 794
795: 795 961 795
796: 796 416 796
797: 160 797 797
798: 116 798 798
799: 799 834 799
800: 800 800 1013
801: 801 333 801
802: 802 802 624
803: 179 803 803
804: 804 804 1153
805: 805 805 235
806: 806 806 959
807: 1327 807 807
808: 511 808 808
809: 809 809 579
810: 1244 810 810
811: 811 1015 811
812: 812 670 812
813: 813 1347 813
814: 814 814 1041
815: 815 1114 815
816: 816 816 905
817: 817 817 147
818: 818 818 51
819: 819 819 602
820: 882 820 820
821: 1155 821 821
822: 822 822 345
823: 612 823 823
824: 447 824 824
825: 1183 825 825
826: 1054 826 826
827: 827 827 521
828: 828 828 1131
829: 829 433 829
830: 344 830 830
831: 269 831 831
832: 995 832 832
833: 833 1081 833
834: 834 128 834
835: 233 835 835
836: 836 1060 836
837: 207 837 837
838: 1093 838 838
839: 839 854 839
840: 840 479 840
841: 841 1084 841
842: 69 842 842
843: 246 843 843
844: 844 844 99
845: 845 845 957
846: 846 1088 846
847: 847 815 847
848: 848 1254 848
849: 849 849 903
850: 850 850 916
851: 851 1025 851
852: 34 548 852
853: 853 1377 853
854: 854 989 854
855: 855 855 906
856: 856 1240 856
857: 857 875 857
858: 858 858 314
859: 445 859 859
860: 108 860 860
861: 501 861 861
862: 234 862 862
863: 159 863 863
864: 864 864 1280
865: 865 408 865
866: 866 6 866
867: 867 608 867
868: 868 1049 868
869: 1312 869 869
870: 1005 870 870
871: 871 1310 871
872: 728 872 872
873: 873 873 494
874: 874 874 1336
875: 875 518 875
876: 64 876 876
877: 714 877 877
878: 508 878 878
879: 976 879 879
880: 880 880 1184
881: 1070 881 881
882: 744 882 882
883: 883 883 434
884: 1121 884 884
885: 1039 885 885
886: 886 886 1380
887: 946 887 887
888: 888 1016 888
889: 1053 889 889
890: 843 890 890
891: 106 891 891
892: 892 1229 892
893: 893 786 893
894: 894 894 1209
895: 895 1355 895
896: 896 59 896
897: 897 403 897
898: 1225 898 898
899: 899 443 899
900: 900 900 918
901: 937 901 901
902: 902 902 997
903: 903 903 1239
904: 904 904 475
905: 905 905 4
906: 906 906 604
907: 907 960 907
908: 908 924 908
909: 909 909 1358
910: 910 369 910
911: 911 105 911
912: 68 912 912
913: 642 913 913
914: 914 643 914
915: 1257 915 915
916: 916 916 734
917: 1051 917 917
918: 918 918 1321
919: 482 919 919
920: 990 920 920
921: 981 921 921
922: 922 856 922
923: 923 1313 923
924: 924 1182 924
925: 1379 925 925
926: 926 926 574
927: 927 378 927
928: 928 1222 928
929: 859 929 929
930: 930 459 930
931: 931 931 1027
932: 932 932 338
933: 933 933 322
934: 934 621 934
935: 1134 935 935
936: 936 936 909
937: 110 937 937
938: 938 1383 938
939: 310 939 939
940: 1122 940 940
941: 1235 941 941
942: 942 1277 942
943: 312 943 943
944: 944 944 676
945: 945 1216 945
946: 140 946 946
947: 947 649 947
948: 821 948 948
949: 1125 949 949
950: 393 950 950
951: 951 930 951
952: 777 952 952
953: 953 239 953
954: 685 954 954
955: 955 955 1152
956: 2 956 956
957: 957 957 1200
958: 958 958 802
959: 959 959 1050
960: 960 1354 960
961: 961 1136 961
962: 962 962 430
963: 963 963 183
964: 964 1224 964
965: 965 232 965
966: 966 966 258
967: 967 967 414
968: 968 968 473
969: 969 969 357
970: 970 970 484
971: 607 971 971
972: 972 972 488
973: 973 973 1319
974: 971 974 974
975: 939 975 975
976: 525 976 976
977: 977 98 977
978: 1197 978 978
979: 979 840 979
980: 980 1273 980
981: 1139 981 981
982: 982 982 1305
983: 825 983 983
984: 984 984 725
985: 985 985 1340
986: 986 986 1012
987: 987 987 1095
988: 149 988 988
989: 989 103 989
990: 91 990 990
991: 58 991 991
992: 992 908 992
993: 1164 993 993
994: 541 994 994
995: 90 995 995
996: 996 996 1130
997: 997 997 682
998: 998 998 904
999: 999 224 999
1000: 1000 1000 553
1001: 1001 1275 1001
1002: 1002 1203 1002
1003: 1003 789 1003
1004: 917 1004 1004
1005: 1178 1005 1005
1006: 1006 1006 883
1007: 1007 1007 499
1008: 1008 1008 666
1009: 1009 1009 42
1010: 1010 460 1010
1011: 1011 1011 36
1012: 1012 1012 13
1013: 1013 1013 955
1014: 1014 360 1014
1015: 1015 495 1015
1016: 1016 151 1016
1017: 1017 1017 567
1018: 1018 1018 1124
1019: 737 1019 1019
1020: 1020 242 1020
1021: 1021 1021 440
1022: 1022 1022 1259
1023: 391 1023 1023
1024: 1024 1278 1024
1025: 1025 387 1025
1026: 1026 1268 1026
1027: 1027 1027 855
1028: 1028 1028 986
1029: 831 1029 1029
1030: 671 1030 1030
1031: 1031 1031 245
1032: 1032 1032 722
1033: 919 1033 1033
1034: 1034 1034 593
1035: 1035 1035 1090
1036: 1036 1036 356
1037: 1037 1308 1037
1038: 101 1038 1038
1039: 358 1039 1039
1040: 1040 1040 656
1041: 1041 1041 1282
1042: 1042 910 1042
1043: 1043 1043 966
1044: 1044 1044 849
1045: 164 1045 1045
1046: 1046 951 1046
1047: 1047 1047 565
1048: 1048 1173 1048
1049: 1049 784 1049
1050: 1050 1050 171
1051: 1196 1051 1051
1052: 1052 1052 787
1053: 61 1053 1053
1054: 247 1054 1054
1055: 307 1055 1055
1056: 1056 329 1056
1057: 1057 512 1057
1058: 1058 847 1058
1059: 1059 953 1059
1060: 1060 570 1060
1061: 1111 1061 1061
1062: 1062 1059 1062
1063: 1063 172 1063
1064: 1064 371 1064
1065: 1065 5 1065
1066: 1066 139 1066
1067: 1263 1067 1067
1068: 1337 1068 1068
1069: 706 1069 1069
1070: 510 1070 1070
1071: 1071 1071 215
1072: 596 1072 1072
1073: 1073 1073 894
1074: 1074 1166 1074
1075: 1075 1075 1112
1076: 1076 1076 376
1077: 339 1077 1077
1078: 807 1078 1078
1079: 1079 504 1079
1080: 1080 194 1080
1081: 1081 145 1081
1082: 1082 1082 1091
1083: 1243 1083 1083
1084: 1084 829 1084
1085: 575 1085 1085
1086: 1086 1086 998
1087: 1087 8 1087
1088: 1088 1367 1088
1089: 1089 1089 1191
1090: 1090 1090 637
1091: 1091 1091 1165
1092: 1092 1092 618
1093: 1029 1093 1093
1094: 1094 1048 1094
1095: 1095 1095 963
1096: 1096 1096 1370
1097: 1097 423 1097
1098: 1098 1281 1098
1099: 1099 132 1099
1100: 1100 22 1100
1101: 1172 1101 1101
1102: 700 1102 1102
1103: 1103 1329 1103
1104: 469 1104 1104
1105: 347 1105 1105
1106: 1106 1106 1333
1107: 1107 1001 1107
1108: 739 1108 1108
1109: 1109 209 1109
1110: 1110 1110 452
1111: 808 1111 1111
1112: 1112 1112 177
1113: 1113 435 1113
1114: 1114 365 1114
1115: 1304 1115 1115
1116: 1116 1116 1289
1117: 374 1117 1117
1118: 493 1118 1118
1119: 1119 1119 1352
1120: 122 1120 1120
1121: 463 1121 1121
1122: 798 1122 1122
1123: 1123 191 1123
1124: 1124 1124 1138
1125: 1285 1125 1125
1126: 1126 1126 198
1127: 1127 422 1127
1128: 1128 934 1128
1129: 1129 1129 261
1130: 1130 1130 845
1131: 1131 1131 305
1132: 940 1132 1132
1133: 1133 1133 389
1134: 124 1134 1134
1135: 1135 220 1135
1136: 1136 377 1136
1137: 1137 96 1137
1138: 1138 1138 783
1139: 1342 1139 1139
1140: 154 1140 1140
1141: 249 1141 1141
1142: 1142 1142 1325
1143: 1143 1103 1143
1144: 1144 1058 1144
1145: 1145 622 1145
1146: 143 1146 1146
1147: 1147 626 1147
1148: 1148 1148 489
1149: 500 1149 1149
1150: 1150 1150 543
1151: 1151 892 1151
1152: 1152 1152 818
1153: 1153 1153 1047
1154: 413 1154 1154
1155: 52 1155 1155
1156: 1156 1180 1156
1157: 324 1157 1157
1158: 1158 1170 1158
1159: 1159 301 1159
1160: 1160 1160 1000
1161: 1161 1161 410
1162: 253 1162 1162
1163: 1030 1163 1163
1164: 432 1164 1164
1165: 1165 1165 566
1166: 1166 679 1166
1167: 563 1167 1167
1168: 1168 1065 1168
1169: 1169 1046 1169
1170: 1170 397 1170
1171: 1376 1171 1171
1172: 736 1172 1172
1173: 1173 53 1173
1174: 1174 1174 651
1175: 912 1175 1175
1176: 1176 773 1176
1177: 748 1177 1177
1178: 292 1178 1178
1179: 761 1179 1179
1180: 1180 1169 1180
1181: 1181 1181 528
1182: 1182 1256 1182
1183: 21 1183 1183
1184: 1184 1184 1271
1185: 1177 1185 1185
1186: 1186 308 1186
1187: 1187 755 1187
1188: 1188 1188 1286
1189: 1189 1323 1189
1190: 1190 1190 678
1191: 1191 1191 411
1192: 1192 1192 716
1193: 1253 1193 1193
1194: 1194 340 1194
1195: 1195 519 1195
1196: 974 1196 1196
1197: 820 1197 1197
1198: 1198 694 1198
1199: 609 1199 1199
1200: 1200 1200 542
1201: 341 1201 1201
1202: 1202 513 1202
1203: 1203 1211 1203
1204: 1204 1204 248
1205: 306 1205 1205
1206: 254 1206 1206
1207: 274 1207 1207
1208: 1038 1208 1208
1209: 1209 1209 43
1210: 978 1210 1210
1211: 1211 1307 1211
1212: 1212 654 1212
1213: 1213 424 1213
1214: 1214 1214 1324
1215: 436 1215 1215
1216: 1216 839 1216
1217: 1217 1217 1044
1218: 1218 897 1218
1219: 1219 632 1219
1220: 1220 284 1220
1221: 1221 1221 1252
1222: 1222 841 1222
1223: 635 1223 1223
1224: 1224 727 1224
1225: 1105 1225 1225
1226: 483 1226 1226
1227: 295 1227 1227
1228: 262 1228 1228
1229: 1229 1063 1229
1230: 1230 1345 1230
1231: 1231 1231 449
1232: 1232 1232 123
1233: 1233 1279 1233
1234: 1234 914 1234
1235: 861 1235 1235
1236: 1236 491 1236
1237: 1237 25 1237
1238: 760 1238 1238
1239: 1239 1239 1008
1240: 1240 795 1240
1241: 1241 1241 1188
1242: 1242 264 1242
1243: 1072 1243 1243
1244: 81 1244 1244
1245: 1245 1245 72
1246: 1246 782 1246
1247: 485 1247 1247
1248: 1248 999 1248
1249: 429 1249 1249
1250: 1250 1250 1360
1251: 1251 1251 1009
1252: 1252 1252 709
1253: 1334 1253 1253
1254: 1254 1385 1254
1255: 187 1255 1255
1256: 1256 1266 1256
1257: 713 1257 1257
1258: 1258 852 852
1259: 1259 1259 481
1260: 1226 1260 1260
1261: 1261 1261 1032
1262: 1262 1262 241
1263: 1238 1263 1263
1264: 1264 1316 1264
1265: 1265 1265 515
1266: 1266 174 1266
1267: 1267 1343 1267
1268: 1268 401 1268
1269: 1269 1143 1269
1270: 1270 419 1270
1271: 1271 1271 1096
1272: 1272 1272 1181
1273: 1273 629 1273
1274: 328 1274 1274
1275: 1275 381 1275
1276: 1276 1276 749
1277: 1277 710 1277
1278: 1278 80 1278
1279: 1279 379 1279
1280: 1280 1280 313
1281: 1281 888 1281
1282: 1282 1282 576
1283: 1283 456 1283
1284: 1284 799 1284
1285: 35 1285 1285
1286: 1286 1286 719
1287: 1287 1269 1287
1288: 564 1288 1288
1289: 1289 1289 465
1290: 832 1290 1290
1291: 1291 1291 1089
1292: 1292 1292 437
1293: 1293 1237 1293
1294: 1294 1294 217
1295: 655 1295 1295
1296: 562 1296 1296
1297: 948 1297 1297
1298: 1068 1298 1298
1299: 1299 343 1299
1300: 1300 1176 1300
1301: 1301 1301 1160
1302: 1302 1098 1302
1303: 1303 1100 1303
1304: 213 1304 1304
1305: 1305 1305 1040
1306: 1306 1306 931
1307: 1307 942 1307
1308: 1308 1057 1308
1309: 1309 1309 462
1310: 1310 758 1310
1311: 1311 1195 1311
1312: 721 1312 1312
1313: 1313 846 1313
1314: 1314 1314 383
1315: 1315 1315 520
1316: 1316 203 1316
1317: 1317 1317 693
1318: 1318 1318 492
1319: 1319 1319 844
1320: 890 1320 1320
1321: 1321 1321 529
1322: 616 1322 1322
1323: 1323 276 1323
1324: 1324 1324 1232
1325: 1325 1325 1276
1326: 1326 1326 1369
1327: 774 1327 1327
1328: 742 1328 1328
1329: 1329 496 1329
1330: 1101 1330 1330
1331: 954 1331 1331
1332: 803 1332 1332
1333: 1333 1333 569
1334: 1332 1334 1334
1335: 1335 1335 282
1336: 1336 1336 1011
1337: 0 1337 1337
1338: 1338 1338 1018
1339: 1339 1066 1339
1340: 1340 1340 119
1341: 1341 1341 962
1342: 259 1342 1342
1343: 1343 769 1343
1344: 1344 598 1344
1345: 1345 1079 1345
1346: 1346 1346 530
1347: 1347 1299 1347
1348: 1348 1348 44
1349: 1349 1014 1349
1350: 735 1350 1350
1351: 1351 115 1351
1352: 1352 1352 71
1353: 1353 1353 470
1354: 1354 1219 1354
1355: 1355 302 1355
1356: 1356 582 1356
1357: 1357 503 1357
1358: 1374 1358 1374
1359: 1359 1359 144
1360: 477 1360 477
1361: 1361 646 1361
1362: 1362 1368 1362
1363: 1363 980 1363
1364: 797 1364 1364
1365: 15 1365 1365
1366: 426 1366 1366
1367: 1367 893 1367
1368: 1368 497 1368
1369: 1369 1369 1353
1370: 1370 1370 552
1371: 1371 1371 932
1372: 1372 1372 1346
1373: 1373 1037 1373
1374: 1374 852 717
1375: 1375 1267 1375
1376: 1199 1376 1376
1377: 1377 1080 1377
1378: 1378 1378 701
1379: 823 1379 1379
1380: 1380 1380 474
1381: 190 1381 1381
1382: 1382 1382 1261
1383: 1383 117 1383
1384: 1384 1384 1251
1385: 1385 431 1385
