630 3
0: 0 36 0
1: 1 1 610
2: 570 2 2
3: 3 478 3
4: 4 4 293
5: 5 5 207
6: 6 6 555
7: 7 7 202
8: 8 8 380
9: 9 456 9
10: 10 350 10
11: 463 11 11
12: 377 12 12
13: 13 13 256
14: 333 14 14
15: 15 79 395
16: 165 16 16
17: 17 179 17
18: 18 602 18
19: 19 100 19
20: 249 20 20
21: 21 540 21
22: 22 259 22
23: 23 164 23
24: 24 547 24
25: 25 25 292
26: 26 160 160
27: 27 94 27
28: 28 28 351
29: 375 29 29
30: 33 30 30
31: 31 567 31
32: 489 32 32
33: 628 33 33
34: 486 34 34
35: 35 609 35
36: 36 535 36
37: 37 99 37
38: 38 38 125
39: 111 39 39
40: 91 40 40
41: 41 315 41
42: 42 493 42
43: 155 43 43
44: 612 44 44
45: 45 192 45
46: 196 46 46
47: 423 47 47
48: 48 48 434
49: 49 245 49
50: 50 239 50
51: 66 51 51
52: 52 104 52
53: 53 53 141
54: 16 54 54
55: 55 55 7
56: 443 56 56
57: 57 57 158
58: 58 265 58
59: 59 209 59
60: 433 60 60
61: 61 61 204
62: 614 62 62
63: 63 63 309
64: 64 491 64
65: 65 505 65
66: 261 66 66
67: 32 67 67
68: 68 544 68
69: 69 240 69
70: 70 70 418
71: 71 71 323
72: 72 157 72
73: 73 73 471
74: 372 74 74
75: 75 75 208
76: 76 76 449
77: 77 468 77
78: 272 78 78
79: 618 473 79
80: 80 80 161
81: 29 81 81
82: 82 82 184
83: 83 18 83
84: 84 77 84
85: 85 85 316
86: 86 86 404
87: 87 87 143
88: 88 88 572
89: 89 492 89
90: 518 90 90
91: 374 91 91
92: 484 92 92
93: 321 93 93
94: 94 302 94
95: 569 95 95
96: 476 96 96
97: 97 97 520
98: 502 98 98
99: 99 17 99
100: 100 31 100
101: 101 506 101
102: 102 185 102
103: 103 129 103
104: 104 528 104
105: 2 105 105
106: 328 106 106
107: 107 148 107
108: 108 108 554
109: 109 27 109
110: 624 110 110
111: 430 111 111
112: 112 147 112
113: 113 289 113
114: 114 114 313
115: 78 115 115
116: 447 116 447
117: 117 596 117
118: 118 118 608
119: 369 119 119
120: 600 120 120
121: 485 121 121
122: 20 122 122
123: 123 550 123
124: 124 19 124
125: 125 125 290
126: 43 126 126
127: 127 127 177
128: 128 128 464
129: 129 123 129
130: 130 130 197
131: 131 131 210
132: 132 571 132
133: 133 133 225
134: 134 134 453
135: 337 135 135
136: 136 136 319
137: 211 137 137
138: 138 138 264
139: 139 139 173
140: 618 140 140
141: 141 141 134
142: 11 142 142
143: 143 143 114
144: 144 41 144
145: 145 145 385
146: 146 146 487
147: 147 294 147
148: 148 132 148
149: 149 325 149
150: 498 150 150
151: 151 151 371
152: 583 152 152
153: 605 153 153
154: 154 154 370
155: 203 155 155
156: 627 156 156
157: 157 527 157
158: 158 158 417
159: 332 159 159
160: 537 183 160
161: 161 161 8
162: 236 162 162
163: 408 163 163
164: 164 149 164
165: 345 165 165
166: 166 607 166
167: 167 167 410
168: 168 168 500
169: 465 169 169
170: 297 170 170
171: 171 171 625
172: 235 172 172
173: 173 173 191
174: 174 174 13
175: 175 421 175
176: 176 490 176
177: 177 177 154
178: 178 405 178
179: 179 101 179
180: 262 180 180
181: 206 181 181
182: 182 366 182
183: 183 603 183
184: 184 184 561
185: 185 0 185
186: 186 186 601
187: 187 187 215
188: 12 188 188
189: 450 189 450
190: 190 190 594
191: 191 191 504
192: 192 107 192
193: 193 250 193
194: 574 194 194
195: 195 195 582
196: 474 196 196
197: 197 197 70
198: 198 198 296
199: 199 285 199
200: 200 200 5
201: 258 201 201
202: 202 202 229
203: 47 203 203
204: 204 204 446
205: 205 205 139
206: 228 206 206
207: 207 207 575
208: 208 208 435
209: 209 368 209
210: 210 210 253
211: 413 211 211
212: 212 552 212
213: 213 406 213
214: 214 214 233
215: 215 215 509
216: 216 269 216
217: 217 217 263
218: 218 218 57
219: 592 219 219
220: 74 220 220
221: 221 83 221
222: 180 222 222
223: 223 533 223
224: 224 231 224
225: 225 225 461
226: 226 226 248
227: 227 227 189
228: 381 228 228
229: 229 229 168
230: 230 175 230
231: 231 308 231
232: 232 232 538
233: 233 233 25
234: 234 283 234
235: 503 235 235
236: 222 236 236
237: 318 237 237
238: 339 238 238
239: 239 102 239
240: 240 291 240
241: 286 241 241
242: 242 475 242
243: 243 166 243
244: 244 244 360
245: 245 529 245
246: 246 68 246
247: 237 247 247
248: 248 248 138
249: 121 249 249
250: 250 532 250
251: 251 251 587
252: 162 252 252
253: 253 253 226
254: 254 275 254
255: 299 255 255
256: 256 256 63
257: 257 414 257
258: 153 258 258
259: 259 511 259
260: 260 260 439
261: 407 261 261
262: 591 262 262
263: 263 263 551
264: 264 264 496
265: 265 438 265
266: 266 304 266
267: 267 267 361
268: 598 268 268
269: 269 416 269
270: 152 270 270
271: 271 271 200
272: 432 272 272
273: 169 273 273
274: 274 378 274
275: 275 42 275
276: 60 276 276
277: 277 277 513
278: 278 548 278
279: 279 279 186
280: 150 280 280
281: 281 357 281
282: 390 282 282
283: 283 379 283
284: 284 284 429
285: 285 50 285
286: 452 286 286
287: 287 221 287
288: 288 288 279
289: 289 427 289
290: 290 290 573
291: 291 224 291
292: 292 292 517
293: 293 293 419
294: 294 411 294
295: 477 295 295
296: 296 296 469
297: 252 297 297
298: 312 298 298
299: 67 299 299
300: 542 300 300
301: 301 84 301
302: 302 117 302
303: 303 303 549
304: 304 440 304
305: 305 305 341
306: 295 306 306
307: 307 26 307
308: 308 560 308
309: 309 309 71
310: 310 230 310
311: 311 311 400
312: 329 312 312
313: 313 313 127
314: 314 314 311
315: 315 278 315
316: 316 316 227
317: 317 317 267
318: 300 318 318
319: 319 319 61
320: 93 320 320
321: 137 321 321
322: 322 354 322
323: 323 323 146
324: 324 324 85
325: 325 431 325
326: 424 326 326
327: 578 327 327
328: 163 328 328
329: 194 329 329
330: 359 330 330
331: 331 331 174
332: 39 332 332
333: 282 333 333
334: 54 334 334
335: 335 79 79
336: 336 193 336
337: 581 337 337
338: 420 338 338
339: 156 339 339
340: 340 340 187
341: 341 341 76
342: 342 342 398
343: 343 343 1
344: 344 364 344
345: 181 345 345
346: 170 346 346
347: 347 347 136
348: 348 348 218
349: 349 512 349
350: 350 9 350
351: 351 351 442
352: 626 352 352
353: 353 384 353
354: 354 113 354
355: 355 322 355
356: 326 356 356
357: 357 112 357
358: 358 358 566
359: 159 359 359
360: 360 360 604
361: 361 361 116
362: 362 362 217
363: 363 363 4
364: 364 10 364
365: 365 507 365
366: 366 373 366
367: 367 45 367
368: 368 563 368
369: 30 369 369
370: 370 370 131
371: 371 371 393
372: 619 372 372
373: 373 349 373
374: 62 374 374
375: 482 375 375
376: 376 64 376
377: 617 377 377
378: 378 234 378
379: 379 49 379
380: 380 380 454
381: 579 381 381
382: 334 382 382
383: 44 383 383
384: 384 580 384
385: 385 385 588
386: 386 444 386
387: 119 387 387
388: 388 310 388
389: 389 499 389
390: 270 390 390
391: 391 415 391
392: 392 497 392
393: 393 393 145
394: 394 394 277
395: 395 395 260
396: 396 89 396
397: 346 397 397
398: 398 398 494
399: 399 399 526
400: 400 400 38
401: 338 401 401
402: 402 402 75
403: 403 403 426
404: 404 404 195
405: 405 376 405
406: 406 59 406
407: 537 537 407
408: 597 408 408
409: 479 409 409
410: 410 410 232
411: 411 3 411
412: 412 412 611
413: 620 413 413
414: 414 246 414
415: 415 546 415
416: 416 281 416
417: 417 417 402
418: 418 418 510
419: 419 419 394
420: 268 420 420
421: 421 564 421
422: 356 422 422
423: 401 423 423
424: 238 424 424
425: 425 523 425
426: 426 426 190
427: 427 176 427
428: 593 428 428
429: 429 429 340
430: 201 430 430
431: 431 556 431
432: 105 432 432
433: 188 433 433
434: 434 434 483
435: 435 435 198
436: 436 436 214
437: 437 437 363
438: 438 388 438
439: 439 439 623
440: 440 124 440
441: 441 441 86
442: 442 442 53
443: 120 443 443
444: 444 521 444
445: 524 445 445
446: 446 446 82
447: 447 450 244
448: 448 257 448
449: 449 449 271
450: 450 160 128
451: 451 396 451
452: 515 452 452
453: 453 453 118
454: 454 454 55
455: 455 392 455
456: 456 223 456
457: 457 109 457
458: 458 37 458
459: 459 459 412
460: 460 460 348
461: 461 461 167
462: 462 462 251
463: 621 463 463
464: 464 464 525
465: 280 465 465
466: 255 466 466
467: 467 467 303
468: 468 586 468
469: 469 469 347
470: 470 213 470
471: 471 471 558
472: 472 495 472
473: 473 242 473
474: 51 474 474
475: 475 577 475
476: 501 476 476
477: 122 477 477
478: 478 472 478
479: 98 479 479
480: 81 480 480
481: 126 481 481
482: 110 482 482
483: 483 483 342
484: 34 484 484
485: 629 485 485
486: 95 486 486
487: 487 487 97
488: 488 616 488
489: 298 489 489
490: 490 307 490
491: 491 344 491
492: 492 24 492
493: 493 553 493
494: 494 494 205
495: 495 266 495
496: 496 496 48
497: 497 488 497
498: 352 498 498
499: 499 353 499
500: 500 500 436
501: 219 501 501
502: 543 502 502
503: 409 503 503
504: 504 504 519
505: 505 35 505
506: 506 355 506
507: 507 103 507
508: 115 508 508
509: 509 509 6
510: 510 510 324
511: 511 58 511
512: 512 336 512
513: 513 513 305
514: 220 514 514
515: 247 515 515
516: 531 516 516
517: 517 517 171
518: 40 518 518
519: 519 519 534
520: 520 520 539
521: 521 52 521
522: 522 470 522
523: 523 22 523
524: 56 524 524
525: 525 525 530
526: 526 526 73
527: 527 389 527
528: 528 72 528
529: 529 69 529
530: 530 530 151
531: 562 531 531
532: 532 21 532
533: 533 451 533
534: 534 534 133
535: 535 144 535
536: 445 536 536
537: 172 537 537
538: 538 538 331
539: 539 539 284
540: 540 287 540
541: 565 541 541
542: 14 542 542
543: 96 543 543
544: 544 522 544
545: 545 23 545
546: 546 301 546
547: 547 457 547
548: 548 589 548
549: 15 549 15
550: 550 216 550
551: 551 551 576
552: 552 545 552
553: 553 386 553
554: 554 554 584
555: 555 555 615
556: 556 606 556
557: 599 557 557
558: 558 558 362
559: 92 559 559
560: 560 568 560
561: 561 561 80
562: 90 562 562
563: 563 254 563
564: 564 243 564
565: 422 565 565
566: 566 566 314
567: 567 425 567
568: 568 65 568
569: 557 569 569
570: 590 570 570
571: 571 458 571
572: 572 572 441
573: 573 573 467
574: 140 574 574
575: 575 575 130
576: 576 576 613
577: 577 455 577
578: 135 578 578
579: 383 579 579
580: 580 212 580
581: 508 581 581
582: 582 582 108
583: 46 583 583
584: 584 584 399
585: 585 585 317
586: 586 367 586
587: 587 587 585
588: 588 588 88
589: 589 182 589
590: 330 590 590
591: 514 591 591
592: 382 592 592
593: 106 593 593
594: 594 594 288
595: 276 595 595
596: 596 391 596
597: 306 597 597
598: 273 598 598
599: 536 599 599
600: 142 600 600
601: 601 601 437
602: 602 274 602
603: 603 365 603
604: 604 604 87
605: 241 605 605
606: 606 199 606
607: 607 178 607
608: 608 608 358
609: 609 335 609
610: 610 610 403
611: 611 611 28
612: 387 612 612
613: 613 613 343
614: 595 614 614
615: 615 615 462
616: 616 448 616
617: 320 617 617
618: 541 618 618
619: 480 619 619
620: 559 620 620
621: 622 621 621
622: 327 622 622
623: 623 623 460
624: 428 624 624
625: 625 625 459
626: 466 626 626
627: 516 627 627
628: 397 628 628
629: 481 629 629
