90 3
0: 16 0 0
1: 79 1 1
2: 2 56 2
3: 3 85 85
4: 4 4 45
5: 5 5 26
6: 6 52 6
7: 88 7 7
8: 8 8 70
9: 49 9 9
10: 10 87 10
11: 11 68 11
12: 12 82 12
13: 86 13 13
14: 14 17 14
15: 31 31 15
16: 25 16 16
17: 17 67 17
18: 75 18 18
19: 83 19 19
20: 20 39 20
21: 21 21 8
22: 22 63 22
23: 23 60 23
24: 9 24 24
25: 69 25 25
26: 26 26 62
27: 27 27 71
28: 28 50 28
29: 13 29 29
30: 53 30 30
31: 24 31 31
32: 1 32 32
33: 33 6 33
34: 34 85 48
35: 0 35 35
36: 32 36 36
37: 37 37 65
38: 38 14 38
39: 39 41 41
40: 47 40 40
41: 36 33 41
42: 42 42 77
43: 34 43 34
44: 44 44 46
45: 45 45 44
46: 46 46 37
47: 29 47 47
48: 48 48 61
49: 18 49 49
50: 50 20 50
51: 51 51 80
52: 52 38 52
53: 15 53 53
54: 54 3 54
55: 40 55 55
56: 56 23 56
57: 57 57 64
58: 58 58 42
59: 35 59 59
60: 60 12 60
61: 61 61 57
62: 62 62 21
63: 63 76 63
64: 64 64 78
65: 89 65 89
66: 66 10 66
67: 67 22 67
68: 68 2 68
69: 30 69 69
70: 70 70 27
71: 71 71 84
72: 72 72 51
73: 73 11 73
74: 74 34 5
75: 81 75 75
76: 76 28 76
77: 77 77 4
78: 78 78 72
79: 7 79 79
80: 80 80 43
81: 55 81 81
82: 82 66 82
83: 36 83 83
84: 74 84 74
85: 31 73 85
86: 19 86 86
87: 87 54 87
88: 59 88 88
89: 89 41 58
